# Matter power spectrum P(k) at redshift z=0
# for k=1.06258e-05 to 4.93744 h/Mpc,
# number of wavenumbers equal to 541
#    1:k (h/Mpc)              2:P (Mpc/h)^3        
       1.062576367506e-05       4.576841534788e+01 
       2.477342613381e-05       1.037220255867e+02 
       3.897834212793e-05       1.607327929154e+02 
       5.328663042570e-05       2.174383189419e+02 
       6.774529933058e-05       2.742113752173e+02 
       8.240275192580e-05       3.313407397418e+02 
       9.730931017152e-05       3.890807125909e+02 
       1.125177661467e-04       4.476716150092e+02 
       1.280839687759e-04       5.073505042193e+02 
       1.440674544074e-04       5.683580272009e+02 
       1.605321295279e-04       6.309434488428e+02 
       1.775470136018e-04       6.953688471792e+02 
       1.951870493360e-04       7.619128818700e+02 
       2.135339863773e-04       8.308744215341e+02 
       2.326773422361e-04       9.025761413938e+02 
       2.527154406738e-04       9.773681541271e+02 
       2.737565223589e-04       1.055631640080e+03 
       2.959199145850e-04       1.137782517800e+03 
       3.193372354188e-04       1.224274985197e+03 
       3.441535918484e-04       1.315604738288e+03 
       3.705287103680e-04       1.412311738752e+03 
       3.986379111697e-04       1.514982040830e+03 
       4.286728035099e-04       1.624248283641e+03 
       4.608415407949e-04       1.740788221844e+03 
       4.953684324308e-04       1.865320566636e+03 
       5.324926714982e-04       1.998597311261e+03 
       5.724659129432e-04       2.141391643774e+03 
       6.155484409467e-04       2.294480657304e+03 
       6.620037148827e-04       2.458622406351e+03 
       7.120911995211e-04       2.634527122811e+03 
       7.660575789499e-04       2.822823503919e+03 
       8.241267204753e-04       3.024021687322e+03 
       8.864890628833e-04       3.238475805002e+03 
       9.532913896528e-04       3.466349727383e+03 
       1.024628125546e-03       3.707590323868e+03 
       1.100535280364e-03       3.961912256797e+03 
       1.180987911664e-03       4.228796864650e+03 
       1.265901514724e-03       4.507506527326e+03 
       1.355137174156e-03       4.797112695070e+03 
       1.448509772705e-03       5.096534786469e+03 
       1.545798183006e-03       5.404584615892e+03 
       1.646756239881e-03       5.720012272572e+03 
       1.751123395820e-03       6.041547861149e+03 
       1.858634228955e-03       6.367938048246e+03 
       1.969026304546e-03       6.697974583577e+03 
       2.082046203730e-03       7.030515529768e+03 
       2.197453775268e-03       7.364499374025e+03 
       2.315024820245e-03       7.698952747787e+03 
       2.434552493764e-03       8.032993208109e+03 
       2.555847721782e-03       8.365860958972e+03 
       2.678738907620e-03       8.696836248705e+03 
       2.803071160163e-03       9.025282488104e+03 
       2.928705227710e-03       9.350650059836e+03 
       3.055516275761e-03       9.672458140444e+03 
       3.183392607801e-03       9.990288155784e+03 
       3.312234396542e-03       1.030377757623e+04 
       3.441952468942e-03       1.061261407340e+04 
       3.572467170570e-03       1.091653021141e+04 
       3.703707322365e-03       1.121529880791e+04 
       3.835609274266e-03       1.150872842159e+04 
       3.968116054663e-03       1.179665971820e+04 
       4.101176611183e-03       1.207896187857e+04 
       4.234745136359e-03       1.235552982550e+04 
       4.368780470878e-03       1.262628125924e+04 
       4.503245576768e-03       1.289115441461e+04 
       4.638107073127e-03       1.315010574659e+04 
       4.773334827345e-03       1.340310787097e+04 
       4.908901595360e-03       1.365014827496e+04 
       5.044782705062e-03       1.389122718215e+04 
       5.180955777582e-03       1.412635555850e+04 
       5.317400481781e-03       1.435555526416e+04 
       5.454098317813e-03       1.457885696565e+04 
       5.591032426126e-03       1.479629850297e+04 
       5.728187418715e-03       1.500792399776e+04 
       5.865549229868e-03       1.521378786482e+04 
       6.003104983955e-03       1.541395082497e+04 
       6.140842878178e-03       1.560846698939e+04 
       6.278752078414e-03       1.579741087615e+04 
       6.416822626581e-03       1.598085151934e+04 
       6.555045358107e-03       1.615886836264e+04 
       6.693411828305e-03       1.633152607802e+04 
       6.831914246593e-03       1.649892017083e+04 
       6.970545417626e-03       1.666112313231e+04 
       7.109298688547e-03       1.681821980551e+04 
       7.248167901650e-03       1.697029574356e+04 
       7.387147351823e-03       1.711743689152e+04 
       7.526231748259e-03       1.725972951039e+04 
       7.665416179937e-03       1.739725988600e+04 
       7.804696084460e-03       1.753011371211e+04 
       7.944067219907e-03       1.765838128649e+04 
       8.083525639338e-03       1.778214580906e+04 
       8.223067667704e-03       1.790149706325e+04 
       8.362689880892e-03       1.801651956745e+04 
       8.502389086682e-03       1.812729988920e+04 
       8.642162307429e-03       1.823391990700e+04 
       8.782006764290e-03       1.833646569451e+04 
       8.921919862843e-03       1.843501920263e+04 
       9.061899179957e-03       1.852966394968e+04 
       9.201942451795e-03       1.862047937399e+04 
       9.342047562837e-03       1.870754544246e+04 
       9.482212535833e-03       1.879093939125e+04 
       9.622435522582e-03       1.887073935293e+04 
       9.762714795484e-03       1.894701990269e+04 
       9.903048739768e-03       1.901985546210e+04 
       1.004343584636e-02       1.908931894186e+04 
       1.018387470530e-02       1.915548006093e+04 
       1.032436399971e-02       1.921841138591e+04 
       1.046490250022e-02       1.927817822166e+04 
       1.060548905979e-02       1.933485015040e+04 
       1.074612260902e-02       1.938849034785e+04 
       1.088680215171e-02       1.943916579174e+04 
       1.102752676084e-02       1.948693808573e+04 
       1.116829557482e-02       1.953186908096e+04 
       1.130910779400e-02       1.957401929940e+04 
       1.144996267749e-02       1.961344678766e+04 
       1.159085954016e-02       1.965020980074e+04 
       1.173179774988e-02       1.968436434693e+04 
       1.187277672498e-02       1.971596436549e+04 
       1.201379593187e-02       1.974506428044e+04 
       1.215485488285e-02       1.977171562584e+04 
       1.229595313403e-02       1.979597022806e+04 
       1.243709028349e-02       1.981787801992e+04 
       1.257826596949e-02       1.983748681061e+04 
       1.271947986882e-02       1.985484698062e+04 
       1.286073169535e-02       1.987000479047e+04 
       1.300202119852e-02       1.988300488465e+04 
       1.314334816213e-02       1.989389328261e+04 
       1.328471240309e-02       1.990271550328e+04 
       1.342611377027e-02       1.990951516778e+04 
       1.356755214352e-02       1.991433385861e+04 
       1.370902743265e-02       1.991721244768e+04 
       1.385053957655e-02       1.991818973782e+04 
       1.399208854242e-02       1.991730520713e+04 
       1.413367432490e-02       1.991459600908e+04 
       1.427529694549e-02       1.991010114231e+04 
       1.441695645179e-02       1.990385815018e+04 
       1.455865291700e-02       1.989590187481e+04 
       1.470038643932e-02       1.988627020876e+04 
       1.484215714145e-02       1.987499568459e+04 
       1.498396517018e-02       1.986211452173e+04 
       1.512581069591e-02       1.984765913331e+04 
       1.526769391237e-02       1.983166222838e+04 
       1.540961503617e-02       1.981415622371e+04 
       1.555157430661e-02       1.979517065192e+04 
       1.569357198533e-02       1.977473864928e+04 
       1.583560835612e-02       1.975288922828e+04 
       1.597768372471e-02       1.972965256703e+04 
       1.611979841861e-02       1.970505630995e+04 
       1.626195278690e-02       1.967913072641e+04 
       1.640414720020e-02       1.965190260628e+04 
       1.654638205052e-02       1.962339732691e+04 
       1.668865775120e-02       1.959364410769e+04 
       1.683097473691e-02       1.956266839206e+04 
       1.697333346354e-02       1.953049617376e+04 
       1.711573440830e-02       1.949715034358e+04 
       1.725817806968e-02       1.946265779105e+04 
       1.740066496752e-02       1.942704069169e+04 
       1.754319564307e-02       1.939032611978e+04 
       1.768577065907e-02       1.935253324178e+04 
       1.782839059988e-02       1.931368620475e+04 
       1.797105607156e-02       1.927380770676e+04 
       1.811376770207e-02       1.923291917341e+04 
       1.825652614137e-02       1.919104246326e+04 
       1.839933206167e-02       1.914819951035e+04 
       1.854218615755e-02       1.910440927131e+04 
       1.868508914623e-02       1.905969436487e+04 
       1.882804176781e-02       1.901407264560e+04 
       1.897104478548e-02       1.896756540615e+04 
       1.911409898580e-02       1.892019035353e+04 
       1.925720517901e-02       1.887196717923e+04 
       1.940036419931e-02       1.882291690677e+04 
       1.954357690519e-02       1.877305574010e+04 
       1.968684417975e-02       1.872240423236e+04 
       1.983016693109e-02       1.867097790439e+04 
       1.997354609263e-02       1.861879610812e+04 
       2.011698262353e-02       1.856587600736e+04 
       2.026047750912e-02       1.851223641420e+04 
       2.040403176127e-02       1.845789248976e+04 
       2.054764641886e-02       1.840286361085e+04 
       2.069132254824e-02       1.834716605939e+04 
       2.083506124371e-02       1.829081765614e+04 
       2.097886362800e-02       1.823383358885e+04 
       2.112273085280e-02       1.817623105534e+04 
       2.126666409929e-02       1.811802599723e+04 
       2.141066457868e-02       1.805923620905e+04 
       2.155473353281e-02       1.799987800509e+04 
       2.169887223469e-02       1.793996424497e+04 
       2.184308198920e-02       1.787951539446e+04 
       2.198736413362e-02       1.781854473443e+04 
       2.213172003837e-02       1.775706962500e+04 
       2.227615110763e-02       1.769510500901e+04 
       2.242065878006e-02       1.763266569427e+04 
       2.256524452953e-02       1.756976646707e+04 
       2.270990986584e-02       1.750642929236e+04 
       2.285465633551e-02       1.744266013594e+04 
       2.299948552257e-02       1.737848101020e+04 
       2.314439904934e-02       1.731390407778e+04 
       2.328939857733e-02       1.724894463212e+04 
       2.343448580806e-02       1.718361650354e+04 
       2.357966248400e-02       1.711793660857e+04 
       2.372493038945e-02       1.705191890945e+04 
       2.387029135151e-02       1.698557595507e+04 
       2.401574724107e-02       1.691892221255e+04 
       2.416129997382e-02       1.685197370194e+04 
       2.430695151128e-02       1.678474071576e+04 
       2.445270386188e-02       1.671723976997e+04 
       2.459855908209e-02       1.664948524219e+04 
       2.474451927753e-02       1.658148619500e+04 
       2.489058660417e-02       1.651325709757e+04 
       2.503676326952e-02       1.644481131078e+04 
       2.518305153391e-02       1.637616175447e+04 
       2.532945371179e-02       1.630731942486e+04 
       2.547597217300e-02       1.623829696950e+04 
       2.562260934423e-02       1.616910560895e+04 
       2.576936771034e-02       1.609975660123e+04 
       2.591624981590e-02       1.603026196156e+04 
       2.606325826667e-02       1.596062971589e+04 
       2.621039573111e-02       1.589087580296e+04 
       2.635766494206e-02       1.582100571881e+04 
       2.650506869833e-02       1.575103074338e+04 
       2.665260986643e-02       1.568096240525e+04 
       2.680029138234e-02       1.561080851325e+04 
       2.694811625331e-02       1.554057772312e+04 
       2.709608755975e-02       1.547028019707e+04 
       2.724420845716e-02       1.539992530714e+04 
       2.739248217811e-02       1.532952013010e+04 
       2.754091203436e-02       1.525907202805e+04 
       2.768950141894e-02       1.518859199574e+04 
       2.783825380839e-02       1.511808438034e+04 
       2.798717276503e-02       1.504755832495e+04 
       2.813626193929e-02       1.497701992325e+04 
       2.828552507219e-02       1.490647933695e+04 
       2.843496599782e-02       1.483593990207e+04 
       2.858458864595e-02       1.476540919053e+04 
       2.873439704477e-02       1.469489428237e+04 
       2.888439532357e-02       1.462439890271e+04 
       2.903458771576e-02       1.455393347867e+04 
       2.918497856172e-02       1.448349937616e+04 
       2.933557231199e-02       1.441310321864e+04 
       2.948637353041e-02       1.434275327534e+04 
       2.963738689745e-02       1.427245107257e+04 
       2.978861721366e-02       1.420220451572e+04 
       2.994006940319e-02       1.413201767091e+04 
       3.009174851749e-02       1.406189615820e+04 
       3.024365973913e-02       1.399183965047e+04 
       3.039580838579e-02       1.392186052877e+04 
       3.054819991431e-02       1.385195896815e+04 
       3.070083992499e-02       1.378214457156e+04 
       3.085373416602e-02       1.371241170346e+04 
       3.100688853805e-02       1.364276981389e+04 
       3.116030909896e-02       1.357322118780e+04 
       3.131400206883e-02       1.350378092608e+04 
       3.146797383506e-02       1.343443822543e+04 
       3.162223095773e-02       1.336520409873e+04 
       3.177678017517e-02       1.329608105873e+04 
       3.193162840970e-02       1.322707348953e+04 
       3.208678277367e-02       1.315818589586e+04 
       3.224225057573e-02       1.308941865395e+04 
       3.239803932729e-02       1.302077446385e+04 
       3.255415674933e-02       1.295226555390e+04 
       3.271061077945e-02       1.288389213246e+04 
       3.286740957923e-02       1.281564291243e+04 
       3.302456154187e-02       1.274753915977e+04 
       3.318207530021e-02       1.267957623394e+04 
       3.333995973504e-02       1.261178155063e+04 
       3.349822398379e-02       1.254409347767e+04 
       3.365687744962e-02       1.247657755576e+04 
       3.381592981088e-02       1.240920358309e+04 
       3.397539103097e-02       1.234201242442e+04 
       3.413527136875e-02       1.227497137188e+04 
       3.429558138925e-02       1.220809220426e+04 
       3.445633197505e-02       1.214137775769e+04 
       3.461753433803e-02       1.207483414286e+04 
       3.477920003175e-02       1.200845462470e+04 
       3.494134096444e-02       1.194225338290e+04 
       3.510396941249e-02       1.187622561643e+04 
       3.526709803469e-02       1.181037605360e+04 
       3.543073988712e-02       1.174470619833e+04 
       3.559490843876e-02       1.167921634039e+04 
       3.575961758788e-02       1.161391107311e+04 
       3.592488167924e-02       1.154879029348e+04 
       3.609071552216e-02       1.148385832061e+04 
       3.625713440948e-02       1.141911227448e+04 
       3.642415413751e-02       1.135455702769e+04 
       3.659179102706e-02       1.129019345576e+04 
       3.676006194546e-02       1.122602212723e+04 
       3.692898432985e-02       1.116204188057e+04 
       3.709857621164e-02       1.109826270031e+04 
       3.726885624237e-02       1.103467611275e+04 
       3.743984372084e-02       1.097128535947e+04 
       3.761155862192e-02       1.090809091696e+04 
       3.778402162682e-02       1.084509723695e+04 
       3.795725415511e-02       1.078229951764e+04 
       3.813127839861e-02       1.071970136238e+04 
       3.830611735715e-02       1.065731599307e+04 
       3.848179487650e-02       1.059510203037e+04 
       3.865833568845e-02       1.053310132542e+04 
       3.883576545338e-02       1.047129828937e+04 
       3.901411080529e-02       1.040969522121e+04 
       3.919339939965e-02       1.034829119765e+04 
       3.937365996421e-02       1.028708248184e+04 
       3.955492235296e-02       1.022607203909e+04 
       3.973721760349e-02       1.016525869644e+04 
       3.992057799809e-02       1.010464063211e+04 
       4.010503712876e-02       1.004421735050e+04 
       4.029062996651e-02       9.983987216601e+03 
       4.047739293529e-02       9.923950717408e+03 
       4.066536399090e-02       9.864103664070e+03 
       4.085458270527e-02       9.804446740054e+03 
       4.104509035659e-02       9.744977087721e+03 
       4.123693002583e-02       9.685693852815e+03 
       4.143014670000e-02       9.626594150590e+03 
       4.162478738298e-02       9.567674949515e+03 
       4.182090121440e-02       9.508933248025e+03 
       4.201853959734e-02       9.450375139998e+03 
       4.221775633566e-02       9.391987730395e+03 
       4.241860778184e-02       9.333773602540e+03 
       4.262115299620e-02       9.275722264181e+03 
       4.282545391873e-02       9.217840536328e+03 
       4.303157555460e-02       9.160119279136e+03 
       4.323958617473e-02       9.102557213844e+03 
       4.344955753282e-02       9.045148028737e+03 
       4.366156510068e-02       8.987887040073e+03 
       4.387568832338e-02       8.930768663014e+03 
       4.409201089662e-02       8.873794174369e+03 
       4.431062106831e-02       8.816956301386e+03 
       4.453161196721e-02       8.760253294878e+03 
       4.475508196139e-02       8.703676742706e+03 
       4.498113504973e-02       8.647199599731e+03 
       4.520988129040e-02       8.590845870872e+03 
       4.544143727020e-02       8.534602708857e+03 
       4.567592661979e-02       8.478454569985e+03 
       4.591348057996e-02       8.422404279001e+03 
       4.615423862525e-02       8.366436178575e+03 
       4.639834915182e-02       8.310538610009e+03 
       4.664597023767e-02       8.254723123888e+03 
       4.689727048422e-02       8.198956945003e+03 
       4.715242995001e-02       8.143258265313e+03 
       4.741164118855e-02       8.087599294854e+03 
       4.767511040433e-02       8.031967203094e+03 
       4.794305874337e-02       7.976342038387e+03 
       4.821572373710e-02       7.920757942754e+03 
       4.849336092154e-02       7.865147998114e+03 
       4.877624565771e-02       7.809535036915e+03 
       4.906467518305e-02       7.753922611600e+03 
       4.935897092966e-02       7.698243263989e+03 
       4.965948115084e-02       7.642537453963e+03 
       4.996658390560e-02       7.586762754026e+03 
       5.028069045992e-02       7.530880011791e+03 
       5.060224917470e-02       7.474922143403e+03 
       5.093174996444e-02       7.418834710182e+03 
       5.126972942734e-02       7.362641094374e+03 
       5.161677676840e-02       7.306272878688e+03 
       5.197354066272e-02       7.249703246004e+03 
       5.234073723810e-02       7.192941697079e+03 
       5.271915939561e-02       7.135940053482e+03 
       5.310968773643e-02       7.078647387360e+03 
       5.351330342555e-02       7.021058104199e+03 
       5.393110340124e-02       6.963108440329e+03 
       5.436431843882e-02       6.904745738382e+03 
       5.481433470280e-02       6.845932299407e+03 
       5.528271958222e-02       6.786595918752e+03 
       5.577125280816e-02       6.726650289312e+03 
       5.628196411276e-02       6.666053589006e+03 
       5.681717902078e-02       6.604660963072e+03 
       5.737957478409e-02       6.542412175557e+03 
       5.797224899611e-02       6.479134307341e+03 
       5.859880407127e-02       6.414702690057e+03 
       5.926345154941e-02       6.348927938816e+03 
       5.997114105768e-02       6.281609140813e+03 
       6.072771963492e-02       6.212453590578e+03 
       6.154012774431e-02       6.141142767572e+03 
       6.241663811063e-02       6.067254162503e+03 
       6.336714136445e-02       5.990243892473e+03 
       6.440347608749e-02       5.909389038072e+03 
       6.553978602143e-02       5.823757002939e+03 
       6.679285666541e-02       5.732107252438e+03 
       6.818232624823e-02       5.632796704747e+03 
       6.973056976171e-02       5.523643453598e+03 
       7.146191826425e-02       5.401814076230e+03 
       7.340074503186e-02       5.263767844757e+03 
       7.556798329767e-02       5.105518897819e+03 
       7.797613892407e-02       4.923279633374e+03 
       8.062404937481e-02       4.714381271385e+03 
       8.349399910996e-02       4.478543138233e+03 
       8.655370016841e-02       4.219428572187e+03 
       8.976300012808e-02       3.944839539998e+03 
       9.308198903495e-02       3.665091461064e+03 
       9.647679233666e-02       3.391328563186e+03 
       9.992173545888e-02       3.133729735573e+03 
       1.033988329734e-01       2.900200555695e+03 
       1.068961338526e-01       2.695757985650e+03 
       1.104059643962e-01       2.522276485245e+03 
       1.139235031877e-01       2.379305860758e+03 
       1.174457615784e-01       2.264285970491e+03 
       1.209709023028e-01       2.172987887215e+03 
       1.244978015568e-01       2.100384106131e+03 
       1.280257739702e-01       2.040961028942e+03 
       1.315544022444e-01       1.989238878852e+03 
       1.350834324930e-01       1.940077200706e+03 
       1.386127102665e-01       1.889261015704e+03 
       1.421421415626e-01       1.833794578765e+03 
       1.456716691063e-01       1.771847485006e+03 
       1.492012579361e-01       1.703089196506e+03 
       1.527308866482e-01       1.628435149424e+03 
       1.562605420820e-01       1.549717149576e+03 
       1.597902160919e-01       1.469338255145e+03 
       1.633199035886e-01       1.389904748652e+03 
       1.668496013484e-01       1.313966041741e+03 
       1.703793072904e-01       1.243541321825e+03 
       1.739090200366e-01       1.180118788386e+03 
       1.774387386445e-01       1.124597876261e+03 
       1.809684624436e-01       1.077167209925e+03 
       1.844981909359e-01       1.037450175840e+03 
       1.880279237345e-01       1.004593922085e+03 
       1.915576605263e-01       9.774429901899e+02 
       1.950874010479e-01       9.545833017779e+02 
       1.986171450719e-01       9.345202810969e+02 
       2.021468923967e-01       9.160880563556e+02 
       2.056766428409e-01       8.977270804775e+02 
       2.092063962393e-01       8.783585191269e+02 
       2.127361524399e-01       8.572579975164e+02 
       2.162659113021e-01       8.341008382856e+02 
       2.197956726953e-01       8.089428336879e+02 
       2.233254364977e-01       7.821224288630e+02 
       2.268552025955e-01       7.542670233241e+02 
       2.303849708821e-01       7.260874822362e+02 
       2.339147412574e-01       6.982706702946e+02 
       2.374445136276e-01       6.714713799956e+02 
       2.409742879042e-01       6.462278416600e+02 
       2.445040640041e-01       6.229481125866e+02 
       2.480338418488e-01       6.018654048692e+02 
       2.515636213643e-01       5.830925682486e+02 
       2.550934024809e-01       5.665997730701e+02 
       2.586231851325e-01       5.521690258694e+02 
       2.621529692566e-01       5.394927140975e+02 
       2.656827547943e-01       5.281825857435e+02 
       2.692125416895e-01       5.178069600709e+02 
       2.727423298892e-01       5.079402099566e+02 
       2.762721193431e-01       4.982127997202e+02 
       2.798019100034e-01       4.883619725166e+02 
       2.833317018247e-01       4.781715015835e+02 
       2.868614947640e-01       4.675294763324e+02 
       2.903912887802e-01       4.564255956334e+02 
       2.939210838342e-01       4.449084346360e+02 
       2.974508798890e-01       4.330986235547e+02 
       3.009806769091e-01       4.211678952468e+02 
       3.045104748607e-01       4.093384171868e+02 
       3.080402737117e-01       3.978150381808e+02 
       3.115700734312e-01       3.867706640895e+02 
       3.150998739900e-01       3.763592760400e+02 
       3.186296753600e-01       3.666590527283e+02 
       3.221594775144e-01       3.576936991207e+02 
       3.256892804275e-01       3.494409442067e+02 
       3.292190840748e-01       3.418542389976e+02 
       3.327488884329e-01       3.348563637647e+02 
       3.362786934792e-01       3.283355253620e+02 
       3.398084991921e-01       3.221957147309e+02 
       3.433383055511e-01       3.163239197449e+02 
       3.468681125362e-01       3.106013102921e+02 
       3.503979201285e-01       3.049318238551e+02 
       3.539277283098e-01       2.992433746531e+02 
       3.574575370623e-01       2.934971943865e+02 
       3.609873463694e-01       2.876700085494e+02 
       3.645171562149e-01       2.817814860730e+02 
       3.680469665831e-01       2.758725253571e+02 
       3.715767774592e-01       2.699780934745e+02 
       3.751065888287e-01       2.641465118212e+02 
       3.786364006777e-01       2.584278113751e+02 
       3.821662129929e-01       2.528687578435e+02 
       3.856960257614e-01       2.475048320060e+02 
       3.892258389709e-01       2.423691012921e+02 
       3.927556526094e-01       2.374915120559e+02 
       3.962854666654e-01       2.328706175446e+02 
       3.998152811278e-01       2.284953344023e+02 
       4.033450959858e-01       2.243451571401e+02 
       4.068749112292e-01       2.203871098537e+02 
       4.104047268479e-01       2.165834354204e+02 
       4.139345428324e-01       2.128981523731e+02 
       4.174643591732e-01       2.093119100288e+02 
       4.209941758614e-01       2.057976996381e+02 
       4.245239928882e-01       2.023320966130e+02 
       4.280538102454e-01       1.989063749329e+02 
       4.315836279247e-01       1.955090838498e+02 
       4.351134459182e-01       1.921327685520e+02 
       4.386432642184e-01       1.887773870892e+02 
       4.421730828179e-01       1.854548412989e+02 
       4.457029017094e-01       1.821786125798e+02 
       4.492327208863e-01       1.789558919475e+02 
       4.527625403416e-01       1.758058350597e+02 
       4.562923600690e-01       1.727377305074e+02 
       4.598221800621e-01       1.697544709484e+02 
       4.633520003148e-01       1.668595282512e+02 
       4.668818208213e-01       1.640549446438e+02 
       4.704116415758e-01       1.613441554453e+02 
       4.739414625728e-01       1.587216629065e+02 
       4.774712838068e-01       1.561875807665e+02 
       4.810011052726e-01       1.537398949547e+02 
       4.845309269651e-01       1.513651550734e+02 
       4.880607488794e-01       1.490523730964e+02 
       4.915905710108e-01       1.467913092693e+02 
       4.951203933544e-01       1.445748122422e+02 
       4.986502159058e-01       1.423930449134e+02 
       5.021800386607e-01       1.402423094956e+02 
       5.057098616147e-01       1.381259533111e+02 
       5.092396847637e-01       1.360389228357e+02 
       5.127695081036e-01       1.339791114103e+02 
       5.162993316306e-01       1.319482608521e+02 
       5.198291553407e-01       1.299479746230e+02 
       5.233589792303e-01       1.279796623816e+02 
       5.268888032958e-01       1.260463123168e+02 
       5.304186275335e-01       1.241567129496e+02 
       5.339484519402e-01       1.223132247404e+02 
       5.374782765125e-01       1.205148071531e+02 
       5.410081012470e-01       1.187642935808e+02 
       5.445379261407e-01       1.170590458676e+02 
       5.480677511905e-01       1.153957002306e+02 
       5.515975763933e-01       1.137694474891e+02 
       5.551274017462e-01       1.121808605523e+02 
       5.586572272464e-01       1.106291517813e+02 
       5.621870528911e-01       1.091081792900e+02 
       5.657168786776e-01       1.076182887754e+02 
       5.692467046032e-01       1.061566972098e+02 
       5.727765306654e-01       1.047188128629e+02 
       5.763063568616e-01       1.033017968124e+02 
       6.013751784838e-01       9.388093859297e+01 
       6.289467001742e-01       8.485836918543e+01 
       6.596979687872e-01       7.621055340189e+01 
       6.946296599460e-01       6.776619460705e+01 
       7.352976292708e-01       5.952132931825e+01 
       7.842770710978e-01       5.132642887649e+01 
       8.461692310324e-01       4.306665292897e+01 
       9.299471756978e-01       3.457168276402e+01 
       1.054370889753e+00       2.573995958259e+01 
       1.255156726148e+00       1.701011692502e+01 
       1.562130009674e+00       1.003978341432e+01 
       1.965639893852e+00       5.724763091428e+00 
       2.474583044632e+00       3.235946996058e+00 
       3.115315456245e+00       1.816596756496e+00 
       3.921949793616e+00       1.013426400938e+00 
       4.937442258964e+00       5.621300189187e-01 
