# Matter power spectrum P(k) at redshift z=0
# for k=1.06258e-05 to 4.93744 h/Mpc,
# number of wavenumbers equal to 541
#    1:k (h/Mpc)              2:P (Mpc/h)^3        
       1.062576367506e-05       4.576849098611e+01 
       2.477342613381e-05       1.037221953861e+02 
       3.897834212793e-05       1.607330634921e+02 
       5.328663042570e-05       2.174386821744e+02 
       6.774529933058e-05       2.742118266149e+02 
       8.240275192580e-05       3.313412652907e+02 
       9.730931017152e-05       3.890813207361e+02 
       1.125177661467e-04       4.476722919710e+02 
       1.280839687759e-04       5.073512443100e+02 
       1.440674544074e-04       5.683588201210e+02 
       1.605321295279e-04       6.309442873976e+02 
       1.775470136018e-04       6.953697150208e+02 
       1.951870493360e-04       7.619137610944e+02 
       2.135339863773e-04       8.308752936810e+02 
       2.326773422361e-04       9.025769849220e+02 
       2.527154406738e-04       9.773689323920e+02 
       2.737565223589e-04       1.055632319232e+03 
       2.959199145850e-04       1.137783054280e+03 
       3.193372354188e-04       1.224275312441e+03 
       3.441535918484e-04       1.315604788024e+03 
       3.705287103680e-04       1.412311423552e+03 
       3.986379111697e-04       1.514981249735e+03 
       4.286728035099e-04       1.624246875309e+03 
       4.608415407949e-04       1.740786022109e+03 
       4.953684324308e-04       1.865317358212e+03 
       5.324926714982e-04       1.998592818700e+03 
       5.724659129432e-04       2.141385516389e+03 
       6.155484409467e-04       2.294472468752e+03 
       6.620037148827e-04       2.458611610859e+03 
       7.120911995211e-04       2.634513040597e+03 
       7.660575789499e-04       2.822805298213e+03 
       8.241267204753e-04       3.023998330406e+03 
       8.864890628833e-04       3.238446011804e+03 
       9.532913896528e-04       3.466311934119e+03 
       1.024628125546e-03       3.707542673341e+03 
       1.100535280364e-03       3.961852503767e+03 
       1.180987911664e-03       4.228722397334e+03 
       1.265901514724e-03       4.507414227686e+03 
       1.355137174156e-03       4.796999025840e+03 
       1.448509772705e-03       5.096395639661e+03 
       1.545798183006e-03       5.404415479309e+03 
       1.646756239881e-03       5.719807951843e+03 
       1.751123395820e-03       6.041302733365e+03 
       1.858634228955e-03       6.367645903368e+03 
       1.969026304546e-03       6.697628707395e+03 
       2.082046203730e-03       7.030108714581e+03 
       2.197453775268e-03       7.364023892723e+03 
       2.315024820245e-03       7.698400409780e+03 
       2.434552493764e-03       8.032355381398e+03 
       2.555847721782e-03       8.365128573302e+03 
       2.678738907620e-03       8.695999868792e+03 
       2.803071160163e-03       9.024332291047e+03 
       2.928705227710e-03       9.349575904115e+03 
       3.055516275761e-03       9.671249572201e+03 
       3.183392607801e-03       9.988934449970e+03 
       3.312234396542e-03       1.030226773501e+04 
       3.441952468942e-03       1.061093689630e+04 
       3.572467170570e-03       1.091467431879e+04 
       3.703707322365e-03       1.121325256372e+04 
       3.835609274266e-03       1.150648013401e+04 
       3.968116054663e-03       1.179419756518e+04 
       4.101176611183e-03       1.207627395868e+04 
       4.234745136359e-03       1.235260409298e+04 
       4.368780470878e-03       1.262310563853e+04 
       4.503245576768e-03       1.288771677931e+04 
       4.638107073127e-03       1.314639400823e+04 
       4.773334827345e-03       1.339910993495e+04 
       4.908901595360e-03       1.364584149397e+04 
       5.044782705062e-03       1.388658471415e+04 
       5.180955777582e-03       1.412139117439e+04 
       5.317400481781e-03       1.435026880232e+04 
       5.454098317813e-03       1.457323141771e+04 
       5.591032426126e-03       1.479031838248e+04 
       5.728187418715e-03       1.500157700026e+04 
       5.865549229868e-03       1.520706619679e+04 
       6.003104983955e-03       1.540683568462e+04 
       6.140842878178e-03       1.560095109793e+04 
       6.278752078414e-03       1.578946238966e+04 
       6.416822626581e-03       1.597248209570e+04 
       6.555045358107e-03       1.615007268650e+04 
       6.693411828305e-03       1.632228742368e+04 
       6.831914246593e-03       1.648922090829e+04 
       6.970545417626e-03       1.665095524524e+04 
       7.109298688547e-03       1.680757339203e+04 
       7.248167901650e-03       1.695916150499e+04 
       7.387147351823e-03       1.710580493862e+04 
       7.526231748259e-03       1.724758971131e+04 
       7.665416179937e-03       1.738460368434e+04 
       7.804696084460e-03       1.751693414009e+04 
       7.944067219907e-03       1.764466725295e+04 
       8.083525639338e-03       1.776789055757e+04 
       8.223067667704e-03       1.788669141672e+04 
       8.362689880892e-03       1.800115486815e+04 
       8.502389086682e-03       1.811136656612e+04 
       8.642162307429e-03       1.821741309567e+04 
       8.782006764290e-03       1.831937784360e+04 
       8.921919862843e-03       1.841734399922e+04 
       9.061899179957e-03       1.851139388872e+04 
       9.201942451795e-03       1.860160860390e+04 
       9.342047562837e-03       1.868806755389e+04 
       9.482212535833e-03       1.877084953631e+04 
       9.622435522582e-03       1.885003124850e+04 
       9.762714795484e-03       1.892568876782e+04 
       9.903048739768e-03       1.899789614261e+04 
       1.004343584636e-02       1.906672618725e+04 
       1.018387470530e-02       1.913225074820e+04 
       1.032436399971e-02       1.919453953331e+04 
       1.046490250022e-02       1.925366146052e+04 
       1.060548905979e-02       1.930968399343e+04 
       1.074612260902e-02       1.936267275564e+04 
       1.088680215171e-02       1.941269301792e+04 
       1.102752676084e-02       1.945980719579e+04 
       1.116829557482e-02       1.950407788780e+04 
       1.130910779400e-02       1.954556552284e+04 
       1.144996267749e-02       1.958433030902e+04 
       1.159085954016e-02       1.962042550885e+04 
       1.173179774988e-02       1.965391354494e+04 
       1.187277672498e-02       1.968484320289e+04 
       1.201379593187e-02       1.971327436447e+04 
       1.215485488285e-02       1.973925349292e+04 
       1.229595313403e-02       1.976283673348e+04 
       1.243709028349e-02       1.978407414300e+04 
       1.257826596949e-02       1.980301062897e+04 
       1.271947986882e-02       1.981969961885e+04 
       1.286073169535e-02       1.983418496333e+04 
       1.300202119852e-02       1.984651200348e+04 
       1.314334816213e-02       1.985673053808e+04 
       1.328471240309e-02       1.986488276638e+04 
       1.342611377027e-02       1.987101410610e+04 
       1.356755214352e-02       1.987516507725e+04 
       1.370902743265e-02       1.987737621324e+04 
       1.385053957655e-02       1.987768859097e+04 
       1.399208854242e-02       1.987614009776e+04 
       1.413367432490e-02       1.987276911216e+04 
       1.427529694549e-02       1.986761324928e+04 
       1.441695645179e-02       1.986071248848e+04 
       1.455865291700e-02       1.985210012725e+04 
       1.470038643932e-02       1.984181415586e+04 
       1.484215714145e-02       1.982988951828e+04 
       1.498396517018e-02       1.981635767959e+04 
       1.512581069591e-02       1.980125696688e+04 
       1.526769391237e-02       1.978461473648e+04 
       1.540961503617e-02       1.976646803744e+04 
       1.555157430661e-02       1.974684676421e+04 
       1.569357198533e-02       1.972577831417e+04 
       1.583560835612e-02       1.970329854857e+04 
       1.597768372471e-02       1.967943208515e+04 
       1.611979841861e-02       1.965421099805e+04 
       1.626195278690e-02       1.962766343783e+04 
       1.640414720020e-02       1.959981717486e+04 
       1.654638205052e-02       1.957069756821e+04 
       1.668865775120e-02       1.954033521343e+04 
       1.683097473691e-02       1.950875296999e+04 
       1.697333346354e-02       1.947597784426e+04 
       1.711573440830e-02       1.944203882341e+04 
       1.725817806968e-02       1.940694980864e+04 
       1.740066496752e-02       1.937074491237e+04 
       1.754319564307e-02       1.933344591219e+04 
       1.768577065907e-02       1.929507499230e+04 
       1.782839059988e-02       1.925565513838e+04 
       1.797105607156e-02       1.921520903663e+04 
       1.811376770207e-02       1.917375809700e+04 
       1.825652614137e-02       1.913132475226e+04 
       1.839933206167e-02       1.908793170115e+04 
       1.854218615755e-02       1.904359645697e+04 
       1.868508914623e-02       1.899834130345e+04 
       1.882804176781e-02       1.895218784797e+04 
       1.897104478548e-02       1.890515500846e+04 
       1.911409898580e-02       1.885726132303e+04 
       1.925720517901e-02       1.880852790072e+04 
       1.940036419931e-02       1.875897241527e+04 
       1.954357690519e-02       1.870861348374e+04 
       1.968684417975e-02       1.865747073068e+04 
       1.983016693109e-02       1.860556170522e+04 
       1.997354609263e-02       1.855290580375e+04 
       2.011698262353e-02       1.849951689436e+04 
       2.026047750912e-02       1.844541798953e+04 
       2.040403176127e-02       1.839062353113e+04 
       2.054764641886e-02       1.833515053504e+04 
       2.069132254824e-02       1.827901730912e+04 
       2.083506124371e-02       1.822224155714e+04 
       2.097886362800e-02       1.816483675384e+04 
       2.112273085280e-02       1.810682301636e+04 
       2.126666409929e-02       1.804821414112e+04 
       2.141066457868e-02       1.798902903222e+04 
       2.155473353281e-02       1.792928326245e+04 
       2.169887223469e-02       1.786899020745e+04 
       2.184308198920e-02       1.780816922256e+04 
       2.198736413362e-02       1.774683433253e+04 
       2.213172003837e-02       1.768500319418e+04 
       2.227615110763e-02       1.762268962718e+04 
       2.242065878006e-02       1.755990858403e+04 
       2.256524452953e-02       1.749667544572e+04 
       2.270990986584e-02       1.743301100981e+04 
       2.285465633551e-02       1.736892177301e+04 
       2.299948552257e-02       1.730442843957e+04 
       2.314439904934e-02       1.723954359229e+04 
       2.328939857733e-02       1.717428310905e+04 
       2.343448580806e-02       1.710865988377e+04 
       2.357966248400e-02       1.704269048536e+04 
       2.372493038945e-02       1.697638923659e+04 
       2.387029135151e-02       1.690976756461e+04 
       2.401574724107e-02       1.684284227826e+04 
       2.416129997382e-02       1.677562642117e+04 
       2.430695151128e-02       1.670813156709e+04 
       2.445270386188e-02       1.664037293838e+04 
       2.459855908209e-02       1.657236516172e+04 
       2.474451927753e-02       1.650411896909e+04 
       2.489058660417e-02       1.643564711124e+04 
       2.503676326952e-02       1.636696274476e+04 
       2.518305153391e-02       1.629807880642e+04 
       2.532945371179e-02       1.622900728904e+04 
       2.547597217300e-02       1.615975955137e+04 
       2.562260934423e-02       1.609034855554e+04 
       2.576936771034e-02       1.602078233574e+04 
       2.591624981590e-02       1.595107636602e+04 
       2.606325826667e-02       1.588123856516e+04 
       2.621039573111e-02       1.581128135685e+04 
       2.635766494206e-02       1.574121425615e+04 
       2.650506869833e-02       1.567104843129e+04 
       2.665260986643e-02       1.560079303052e+04 
       2.680029138234e-02       1.553045810532e+04 
       2.694811625331e-02       1.546005216733e+04 
       2.709608755975e-02       1.538958579174e+04 
       2.724420845716e-02       1.531906611830e+04 
       2.739248217811e-02       1.524850320239e+04 
       2.754091203436e-02       1.517790362457e+04 
       2.768950141894e-02       1.510727962616e+04 
       2.783825380839e-02       1.503663483458e+04 
       2.798717276503e-02       1.496597795028e+04 
       2.813626193929e-02       1.489531631028e+04 
       2.828552507219e-02       1.482465978490e+04 
       2.843496599782e-02       1.475401115883e+04 
       2.858458864595e-02       1.468337964957e+04 
       2.873439704477e-02       1.461277208569e+04 
       2.888439532357e-02       1.454219134143e+04 
       2.903458771576e-02       1.447164870965e+04 
       2.918497856172e-02       1.440114656537e+04 
       2.933557231199e-02       1.433068969188e+04 
       2.948637353041e-02       1.426028734442e+04 
       2.963738689745e-02       1.418994137190e+04 
       2.978861721366e-02       1.411965885030e+04 
       2.994006940319e-02       1.404944501942e+04 
       3.009174851749e-02       1.397930466095e+04 
       3.024365973913e-02       1.390923744196e+04 
       3.039580838579e-02       1.383925515696e+04 
       3.054819991431e-02       1.376935782512e+04 
       3.070083992499e-02       1.369955536843e+04 
       3.085373416602e-02       1.362984208714e+04 
       3.100688853805e-02       1.356022780395e+04 
       3.116030909896e-02       1.349071360524e+04 
       3.131400206883e-02       1.342131391027e+04 
       3.146797383506e-02       1.335201876047e+04 
       3.162223095773e-02       1.328283830734e+04 
       3.177678017517e-02       1.321377438024e+04 
       3.193162840970e-02       1.314483193302e+04 
       3.208678277367e-02       1.307601437897e+04 
       3.224225057573e-02       1.300732257264e+04 
       3.239803932729e-02       1.293875850668e+04 
       3.255415674933e-02       1.287033354117e+04 
       3.271061077945e-02       1.280204838647e+04 
       3.286740957923e-02       1.273389107588e+04 
       3.302456154187e-02       1.266588289348e+04 
       3.318207530021e-02       1.259801838693e+04 
       3.333995973504e-02       1.253032476668e+04 
       3.349822398379e-02       1.246273974933e+04 
       3.365687744962e-02       1.239533017752e+04 
       3.381592981088e-02       1.232806396815e+04 
       3.397539103097e-02       1.226098317982e+04 
       3.413527136875e-02       1.219405365594e+04 
       3.429558138925e-02       1.212728731823e+04 
       3.445633197505e-02       1.206068681601e+04 
       3.461753433803e-02       1.199425850421e+04 
       3.477920003175e-02       1.192799526859e+04 
       3.494134096444e-02       1.186191174494e+04 
       3.510396941249e-02       1.179600262161e+04 
       3.526709803469e-02       1.173027200974e+04 
       3.543073988712e-02       1.166472233403e+04 
       3.559490843876e-02       1.159935383475e+04 
       3.575961758788e-02       1.153417048150e+04 
       3.592488167924e-02       1.146917318579e+04 
       3.609071552216e-02       1.140436516812e+04 
       3.625713440948e-02       1.133974454248e+04 
       3.642415413751e-02       1.127531633954e+04 
       3.659179102706e-02       1.121108092786e+04 
       3.676006194546e-02       1.114703983652e+04 
       3.692898432985e-02       1.108319121361e+04 
       3.709857621164e-02       1.101954554457e+04 
       3.726885624237e-02       1.095609495060e+04 
       3.743984372084e-02       1.089284311579e+04 
       3.761155862192e-02       1.082978925993e+04 
       3.778402162682e-02       1.076693905865e+04 
       3.795725415511e-02       1.070428861549e+04 
       3.813127839861e-02       1.064184011523e+04 
       3.830611735715e-02       1.057960749922e+04 
       3.848179487650e-02       1.051755027633e+04 
       3.865833568845e-02       1.045570957590e+04 
       3.883576545338e-02       1.039407090670e+04 
       3.901411080529e-02       1.033263541978e+04 
       3.919339939965e-02       1.027140346360e+04 
       3.937365996421e-02       1.021037073568e+04 
       3.955492235296e-02       1.014954032693e+04 
       3.973721760349e-02       1.008891111914e+04 
       3.992057799809e-02       1.002848175101e+04 
       4.010503712876e-02       9.968250745795e+03 
       4.029062996651e-02       9.908217249981e+03 
       4.047739293529e-02       9.848381413623e+03 
       4.066536399090e-02       9.788739009343e+03 
       4.085458270527e-02       9.729290415640e+03 
       4.104509035659e-02       9.670033036516e+03 
       4.123693002583e-02       9.610965410355e+03 
       4.143014670000e-02       9.552084523185e+03 
       4.162478738298e-02       9.493387180178e+03 
       4.182090121440e-02       9.434870864749e+03 
       4.201853959734e-02       9.376540301548e+03 
       4.221775633566e-02       9.318382940410e+03 
       4.241860778184e-02       9.260401539272e+03 
       4.262115299620e-02       9.202584559138e+03 
       4.282545391873e-02       9.144939270084e+03 
       4.303157555460e-02       9.087456357354e+03 
       4.323958617473e-02       9.030134249814e+03 
       4.344955753282e-02       8.972966315178e+03 
       4.366156510068e-02       8.915947521409e+03 
       4.387568832338e-02       8.859073111522e+03 
       4.409201089662e-02       8.802344050409e+03 
       4.431062106831e-02       8.745752531308e+03 
       4.453161196721e-02       8.689297460563e+03 
       4.475508196139e-02       8.632970337207e+03 
       4.498113504973e-02       8.576744599676e+03 
       4.520988129040e-02       8.520644138492e+03 
       4.544143727020e-02       8.464655708125e+03 
       4.567592661979e-02       8.408765211625e+03 
       4.591348057996e-02       8.352975399064e+03 
       4.615423862525e-02       8.297270857198e+03 
       4.639834915182e-02       8.241640102852e+03 
       4.664597023767e-02       8.186095375073e+03 
       4.689727048422e-02       8.130603840636e+03 
       4.715242995001e-02       8.075183843261e+03 
       4.741164118855e-02       8.019807987185e+03 
       4.767511040433e-02       7.964463803693e+03 
       4.794305874337e-02       7.909131092334e+03 
       4.821572373710e-02       7.853843665951e+03 
       4.849336092154e-02       7.798534812662e+03 
       4.877624565771e-02       7.743227047911e+03 
       4.906467518305e-02       7.687922815329e+03 
       4.935897092966e-02       7.632554644693e+03 
       4.965948115084e-02       7.577161918005e+03 
       4.996658390560e-02       7.521701103616e+03 
       5.028069045992e-02       7.466132817725e+03 
       5.060224917470e-02       7.410488097108e+03 
       5.093174996444e-02       7.354711661742e+03 
       5.126972942734e-02       7.298826034199e+03 
       5.161677676840e-02       7.242761851876e+03 
       5.197354066272e-02       7.186492243175e+03 
       5.234073723810e-02       7.130025534204e+03 
       5.271915939561e-02       7.073314423734e+03 
       5.310968773643e-02       7.016309114537e+03 
       5.351330342555e-02       6.959004759420e+03 
       5.393110340124e-02       6.901340260107e+03 
       5.436431843882e-02       6.843266582949e+03 
       5.481433470280e-02       6.784749878008e+03 
       5.528271958222e-02       6.725722598951e+03 
       5.577125280816e-02       6.666104144968e+03 
       5.628196411276e-02       6.605858344017e+03 
       5.681717902078e-02       6.544846397378e+03 
       5.737957478409e-02       6.483012462608e+03 
       5.797224899611e-02       6.420187435485e+03 
       5.859880407127e-02       6.356247149400e+03 
       5.926345154941e-02       6.291000046187e+03 
       5.997114105768e-02       6.224238887293e+03 
       6.072771963492e-02       6.155660987453e+03 
       6.154012774431e-02       6.084935682639e+03 
       6.241663811063e-02       6.011628840269e+03 
       6.336714136445e-02       5.935191332058e+03 
       6.440347608749e-02       5.854907753365e+03 
       6.553978602143e-02       5.769870257992e+03 
       6.679285666541e-02       5.678881507843e+03 
       6.818232624823e-02       5.580349556613e+03 
       6.973056976171e-02       5.472143441360e+03 
       7.146191826425e-02       5.351481180828e+03 
       7.340074503186e-02       5.214875014430e+03 
       7.556798329767e-02       5.058332540971e+03 
       7.797613892407e-02       4.877947693872e+03 
       8.062404937481e-02       4.671038293226e+03 
       8.349399910996e-02       4.437593579881e+03 
       8.655370016841e-02       4.181323390166e+03 
       8.976300012808e-02       3.909649469900e+03 
       9.308198903495e-02       3.632708711952e+03 
       9.647679233666e-02       3.361680527630e+03 
       9.992173545888e-02       3.106793741378e+03 
       1.033988329734e-01       2.875733659371e+03 
       1.068961338526e-01       2.673305144000e+03 
       1.104059643962e-01       2.501621700333e+03 
       1.139235031877e-01       2.360190213380e+03 
       1.174457615784e-01       2.246382058615e+03 
       1.209709023028e-01       2.156098407642e+03 
       1.244978015568e-01       2.084350978211e+03 
       1.280257739702e-01       2.025693221351e+03 
       1.315544022444e-01       1.974620661905e+03 
       1.350834324930e-01       1.926075381803e+03 
       1.386127102665e-01       1.875882541149e+03 
       1.421421415626e-01       1.821014891391e+03 
       1.456716691063e-01       1.759738797352e+03 
       1.492012579361e-01       1.691685868785e+03 
       1.527308866482e-01       1.617731422593e+03 
       1.562605420820e-01       1.539711496943e+03 
       1.597902160919e-01       1.460029796763e+03 
       1.633199035886e-01       1.381275623171e+03 
       1.668496013484e-01       1.305933289130e+03 
       1.703793072904e-01       1.236081377652e+03 
       1.739090200366e-01       1.173201509320e+03 
       1.774387386445e-01       1.118124278423e+03 
       1.809684624436e-01       1.071069454284e+03 
       1.844981909359e-01       1.031683050391e+03 
       1.880279237345e-01       9.991269133066e+02 
       1.915576605263e-01       9.722157798176e+02 
       1.950874010479e-01       9.495617109975e+02 
       1.986171450719e-01       9.297165585621e+02 
       2.021468923967e-01       9.114659674915e+02 
       2.056766428409e-01       8.932689783709e+02 
       2.092063962393e-01       8.740729864903e+02 
       2.127361524399e-01       8.531584402633e+02 
       2.162659113021e-01       8.301882507017e+02 
       2.197956726953e-01       8.052062971133e+02 
       2.233254364977e-01       7.785844127360e+02 
       2.268552025955e-01       7.509183937713e+02 
       2.303849708821e-01       7.229119754467e+02 
       2.339147412574e-01       6.952714652482e+02 
       2.374445136276e-01       6.686409119005e+02 
       2.409742879042e-01       6.435545986497e+02 
       2.445040640041e-01       6.204096800950e+02 
       2.480338418488e-01       5.994581189435e+02 
       2.515636213643e-01       5.808055761063e+02 
       2.550934024809e-01       5.644069256089e+02 
       2.586231851325e-01       5.500696223584e+02 
       2.621529692566e-01       5.374801210312e+02 
       2.656827547943e-01       5.262448159056e+02 
       2.692125416895e-01       5.159354163261e+02 
       2.727423298892e-01       5.061346929619e+02 
       2.762721193431e-01       4.964781486483e+02 
       2.798019100034e-01       4.866831760386e+02 
       2.833317018247e-01       4.765524877006e+02 
       2.868614947640e-01       4.659775881596e+02 
       2.903912887802e-01       4.549338376560e+02 
       2.939210838342e-01       4.434749828085e+02 
       2.974508798890e-01       4.317242822940e+02 
       3.009806769091e-01       4.198587207545e+02 
       3.045104748607e-01       4.080834845793e+02 
       3.080402737117e-01       3.966095023697e+02 
       3.115700734312e-01       3.856218141016e+02 
       3.150998739900e-01       3.752584551477e+02 
       3.186296753600e-01       3.656010118214e+02 
       3.221594775144e-01       3.566768898675e+02 
       3.256892804275e-01       3.484660342922e+02 
       3.292190840748e-01       3.409148884323e+02 
       3.327488884329e-01       3.339445542448e+02 
       3.362786934792e-01       3.274582963351e+02 
       3.398084991921e-01       3.213493188080e+02 
       3.433383055511e-01       3.155026505497e+02 
       3.468681125362e-01       3.098071967529e+02 
       3.503979201285e-01       3.041650304646e+02 
       3.539277283098e-01       2.985023492299e+02 
       3.574575370623e-01       2.927767663012e+02 
       3.609873463694e-01       2.869756931969e+02 
       3.645171562149e-01       2.811144109802e+02 
       3.680469665831e-01       2.752256428582e+02 
       3.715767774592e-01       2.693541939616e+02 
       3.751065888287e-01       2.635457754828e+02 
       3.786364006777e-01       2.578485287496e+02 
       3.821662129929e-01       2.523075015916e+02 
       3.856960257614e-01       2.469632062291e+02 
       3.892258389709e-01       2.418498513144e+02 
       3.927556526094e-01       2.369871283718e+02 
       3.962854666654e-01       2.323817485083e+02 
       3.998152811278e-01       2.280237685148e+02 
       4.033450959858e-01       2.238883828167e+02 
       4.068749112292e-01       2.199433113113e+02 
       4.104047268479e-01       2.161525342545e+02 
       4.139345428324e-01       2.124832832701e+02 
       4.174643591732e-01       2.089081671158e+02 
       4.209941758614e-01       2.054037079889e+02 
       4.245239928882e-01       2.019517967142e+02 
       4.280538102454e-01       1.985375656055e+02 
       4.315836279247e-01       1.951505207943e+02 
       4.351134459182e-01       1.917843712773e+02 
       4.386432642184e-01       1.884408180877e+02 
       4.421730828179e-01       1.851288370041e+02 
       4.457029017094e-01       1.818594996288e+02 
       4.492327208863e-01       1.786484346162e+02 
       4.527625403416e-01       1.755080667129e+02 
       4.562923600690e-01       1.724480575367e+02 
       4.598221800621e-01       1.694728295272e+02 
       4.633520003148e-01       1.665868171183e+02 
       4.668818208213e-01       1.637911117416e+02 
       4.704116415758e-01       1.610854478783e+02 
       4.739414625728e-01       1.584714376840e+02 
       4.774712838068e-01       1.559455914325e+02 
       4.810011052726e-01       1.535031355991e+02 
       4.845309269651e-01       1.511348455060e+02 
       4.880607488794e-01       1.488285439820e+02 
       4.915905710108e-01       1.465743807751e+02 
       4.951203933544e-01       1.443622551683e+02 
       4.986502159058e-01       1.421864038671e+02 
       5.021800386607e-01       1.400428166125e+02 
       5.057098616147e-01       1.379303586838e+02 
       5.092396847637e-01       1.358479277685e+02 
       5.127695081036e-01       1.337940664478e+02 
       5.162993316306e-01       1.317686264337e+02 
       5.198291553407e-01       1.297725302950e+02 
       5.233589792303e-01       1.278081300890e+02 
       5.268888032958e-01       1.258809111930e+02 
       5.304186275335e-01       1.239949772011e+02 
       5.339484519402e-01       1.221545862903e+02 
       5.374782765125e-01       1.203613567877e+02 
       5.410081012470e-01       1.186152737235e+02 
       5.445379261407e-01       1.169132126822e+02 
       5.480677511905e-01       1.152527883348e+02 
       5.515975763933e-01       1.136311359300e+02 
       5.551274017462e-01       1.120462426510e+02 
       5.586572272464e-01       1.104963427109e+02 
       5.621870528911e-01       1.089796953064e+02 
       5.657168786776e-01       1.074935369743e+02 
       5.692467046032e-01       1.060342719115e+02 
       5.727765306654e-01       1.045989292534e+02 
       5.763063568616e-01       1.031851515396e+02 
       6.013751784838e-01       9.378278864473e+01 
       6.289467001742e-01       8.477694866637e+01 
       6.596979687872e-01       7.614281084075e+01 
       6.946296599460e-01       6.771189118324e+01 
       7.352976292708e-01       5.947824952791e+01 
       7.842770710978e-01       5.129358869619e+01 
       8.461692310324e-01       4.304306736399e+01 
       9.299471756978e-01       3.455613833418e+01 
       1.054370889753e+00       2.573103316945e+01 
       1.255156726148e+00       1.700608047016e+01 
       1.562130009674e+00       1.003832701733e+01 
       1.965639893852e+00       5.724291127745e+00 
       2.474583044632e+00       3.235785145224e+00 
       3.115315456245e+00       1.816544822357e+00 
       3.921949793616e+00       1.013412340259e+00 
       4.937442258964e+00       5.621251733909e-01 
