# Matter power spectrum P(k) at redshift z=0
# for k=1.06258e-05 to 4.93744 h/Mpc,
# number of wavenumbers equal to 541
#    1:k (h/Mpc)              2:P (Mpc/h)^3        
       1.062576367506e-05       4.576924148794e+01 
       2.477342613381e-05       1.037238560490e+02 
       3.897834212793e-05       1.607354546792e+02 
       5.328663042570e-05       2.174415737701e+02 
       6.774529933058e-05       2.742149158344e+02 
       8.240275192580e-05       3.313441558023e+02 
       9.730931017152e-05       3.890835148064e+02 
       1.125177661467e-04       4.476731756223e+02 
       1.280839687759e-04       5.073500609354e+02 
       1.440674544074e-04       5.683546513438e+02 
       1.605321295279e-04       6.309360204565e+02 
       1.775470136018e-04       6.953560047065e+02 
       1.951870493360e-04       7.618929787569e+02 
       2.135339863773e-04       8.308454665782e+02 
       2.326773422361e-04       9.025357192869e+02 
       2.527154406738e-04       9.773133178936e+02 
       2.737565223589e-04       1.055558806727e+03 
       2.959199145850e-04       1.137687306084e+03 
       3.193372354188e-04       1.224152009763e+03 
       3.441535918484e-04       1.315447389641e+03 
       3.705287103680e-04       1.412111859789e+03 
       3.986379111697e-04       1.514729540818e+03 
       4.286728035099e-04       1.623930646221e+03 
       4.608415407949e-04       1.740389892643e+03 
       4.953684324308e-04       1.864822181839e+03 
       5.324926714982e-04       1.997974730402e+03 
       5.724659129432e-04       2.140614771361e+03 
       6.155484409467e-04       2.293511998886e+03 
       6.620037148827e-04       2.457415288478e+03 
       7.120911995211e-04       2.633023647574e+03 
       7.660575789499e-04       2.820952113571e+03 
       8.241267204753e-04       3.021694438009e+03 
       8.864890628833e-04       3.235585322037e+03 
       9.532913896528e-04       3.462765975210e+03 
       1.024628125546e-03       3.703157350764e+03 
       1.100535280364e-03       3.956444929157e+03 
       1.180987911664e-03       4.222077980386e+03 
       1.265901514724e-03       4.499284241812e+03 
       1.355137174156e-03       4.787098711684e+03 
       1.448509772705e-03       5.084403144919e+03 
       1.545798183006e-03       5.389971546106e+03 
       1.646756239881e-03       5.702516510492e+03 
       1.751123395820e-03       6.020732297970e+03 
       1.858634228955e-03       6.343331804631e+03 
       1.969026304546e-03       6.669075923797e+03 
       2.082046203730e-03       6.996795483927e+03 
       2.197453775268e-03       7.325405442835e+03 
       2.315024820245e-03       7.653913605404e+03 
       2.434552493764e-03       7.981422969779e+03 
       2.555847721782e-03       8.307126514215e+03 
       2.678738907620e-03       8.630316494787e+03 
       2.803071160163e-03       8.950369116945e+03 
       2.928705227710e-03       9.266739181426e+03 
       3.055516275761e-03       9.578955151761e+03 
       3.183392607801e-03       9.886611246606e+03 
       3.312234396542e-03       1.018936277861e+04 
       3.441952468942e-03       1.048691923594e+04 
       3.572467170570e-03       1.077903663770e+04 
       3.703707322365e-03       1.106551641612e+04 
       3.835609274266e-03       1.134619809023e+04 
       3.968116054663e-03       1.162095557497e+04 
       4.101176611183e-03       1.188969129976e+04 
       4.234745136359e-03       1.215233960208e+04 
       4.368780470878e-03       1.240885420988e+04 
       4.503245576768e-03       1.265921230977e+04 
       4.638107073127e-03       1.290341028201e+04 
       4.773334827345e-03       1.314145926441e+04 
       4.908901595360e-03       1.337336969407e+04 
       5.044782705062e-03       1.359919087434e+04 
       5.180955777582e-03       1.381892834323e+04 
       5.317400481781e-03       1.403266830304e+04 
       5.454098317813e-03       1.424046423635e+04 
       5.591032426126e-03       1.444258061442e+04 
       5.728187418715e-03       1.463892411173e+04 
       5.865549229868e-03       1.482958654122e+04 
       6.003104983955e-03       1.501462347870e+04 
       6.140842878178e-03       1.519416435505e+04 
       6.278752078414e-03       1.536830326984e+04 
       6.416822626581e-03       1.553720000327e+04 
       6.555045358107e-03       1.570079778471e+04 
       6.693411828305e-03       1.585924984217e+04 
       6.831914246593e-03       1.601281230561e+04 
       6.970545417626e-03       1.616142320728e+04 
       7.109298688547e-03       1.630516183336e+04 
       7.248167901650e-03       1.644427636441e+04 
       7.387147351823e-03       1.657863141108e+04 
       7.526231748259e-03       1.670840272920e+04 
       7.665416179937e-03       1.683424870296e+04 
       7.804696084460e-03       1.695528625916e+04 
       7.944067219907e-03       1.707206985790e+04 
       8.083525639338e-03       1.718469309307e+04 
       8.223067667704e-03       1.729322349130e+04 
       8.362689880892e-03       1.739776643700e+04 
       8.502389086682e-03       1.749835469878e+04 
       8.642162307429e-03       1.759514725252e+04 
       8.782006764290e-03       1.768820510806e+04 
       8.921919862843e-03       1.777761923666e+04 
       9.061899179957e-03       1.786340559132e+04 
       9.201942451795e-03       1.794567525196e+04 
       9.342047562837e-03       1.802451198194e+04 
       9.482212535833e-03       1.810000051191e+04 
       9.622435522582e-03       1.817218390194e+04 
       9.762714795484e-03       1.824114864515e+04 
       9.903048739768e-03       1.830690179129e+04 
       1.004343584636e-02       1.836964978005e+04 
       1.018387470530e-02       1.842931955836e+04 
       1.032436399971e-02       1.848606662751e+04 
       1.046490250022e-02       1.853991977102e+04 
       1.060548905979e-02       1.859094801707e+04 
       1.074612260902e-02       1.863917303381e+04 
       1.088680215171e-02       1.868471256247e+04 
       1.102752676084e-02       1.872751636992e+04 
       1.116829557482e-02       1.876781467409e+04 
       1.130910779400e-02       1.880545747785e+04 
       1.144996267749e-02       1.884067804702e+04 
       1.159085954016e-02       1.887343922278e+04 
       1.173179774988e-02       1.890377249253e+04 
       1.187277672498e-02       1.893179932992e+04 
       1.201379593187e-02       1.895748886437e+04 
       1.215485488285e-02       1.898090276437e+04 
       1.229595313403e-02       1.900212962694e+04 
       1.243709028349e-02       1.902120671188e+04 
       1.257826596949e-02       1.903813996203e+04 
       1.271947986882e-02       1.905297277698e+04 
       1.286073169535e-02       1.906579879439e+04 
       1.300202119852e-02       1.907660553751e+04 
       1.314334816213e-02       1.908545926619e+04 
       1.328471240309e-02       1.909238538591e+04 
       1.342611377027e-02       1.909739743482e+04 
       1.356755214352e-02       1.910058200978e+04 
       1.370902743265e-02       1.910204311623e+04 
       1.385053957655e-02       1.910165021001e+04 
       1.399208854242e-02       1.909953552120e+04 
       1.413367432490e-02       1.909574676981e+04 
       1.427529694549e-02       1.909025397892e+04 
       1.441695645179e-02       1.908316203824e+04 
       1.455865291700e-02       1.907444620372e+04 
       1.470038643932e-02       1.906415106269e+04 
       1.484215714145e-02       1.905235110597e+04 
       1.498396517018e-02       1.903905045684e+04 
       1.512581069591e-02       1.902426758092e+04 
       1.526769391237e-02       1.900804052167e+04 
       1.540961503617e-02       1.899041897658e+04 
       1.555157430661e-02       1.897137947107e+04 
       1.569357198533e-02       1.895104719742e+04 
       1.583560835612e-02       1.892936926086e+04 
       1.597768372471e-02       1.890639683897e+04 
       1.611979841861e-02       1.888214033691e+04 
       1.626195278690e-02       1.885669187312e+04 
       1.640414720020e-02       1.883000814891e+04 
       1.654638205052e-02       1.880212602500e+04 
       1.668865775120e-02       1.877313357552e+04 
       1.683097473691e-02       1.874298721678e+04 
       1.697333346354e-02       1.871170065262e+04 
       1.711573440830e-02       1.867937790131e+04 
       1.725817806968e-02       1.864597847762e+04 
       1.740066496752e-02       1.861160179988e+04 
       1.754319564307e-02       1.857614426495e+04 
       1.768577065907e-02       1.853974307025e+04 
       1.782839059988e-02       1.850235057831e+04 
       1.797105607156e-02       1.846405883772e+04 
       1.811376770207e-02       1.842479311342e+04 
       1.825652614137e-02       1.838468959911e+04 
       1.839933206167e-02       1.834365796923e+04 
       1.854218615755e-02       1.830177004952e+04 
       1.868508914623e-02       1.825904629081e+04 
       1.882804176781e-02       1.821554110844e+04 
       1.897104478548e-02       1.817124580069e+04 
       1.911409898580e-02       1.812615082706e+04 
       1.925720517901e-02       1.808029005282e+04 
       1.940036419931e-02       1.803366493209e+04 
       1.954357690519e-02       1.798635367558e+04 
       1.968684417975e-02       1.793828609462e+04 
       1.983016693109e-02       1.788956379607e+04 
       1.997354609263e-02       1.784019904879e+04 
       2.011698262353e-02       1.779015316272e+04 
       2.026047750912e-02       1.773943287812e+04 
       2.040403176127e-02       1.768814547677e+04 
       2.054764641886e-02       1.763621498700e+04 
       2.069132254824e-02       1.758371249298e+04 
       2.083506124371e-02       1.753063792719e+04 
       2.097886362800e-02       1.747700837690e+04 
       2.112273085280e-02       1.742283192028e+04 
       2.126666409929e-02       1.736811244378e+04 
       2.141066457868e-02       1.731289381821e+04 
       2.155473353281e-02       1.725714294410e+04 
       2.169887223469e-02       1.720093343490e+04 
       2.184308198920e-02       1.714425749577e+04 
       2.198736413362e-02       1.708711253022e+04 
       2.213172003837e-02       1.702950873832e+04 
       2.227615110763e-02       1.697150257287e+04 
       2.242065878006e-02       1.691307408707e+04 
       2.256524452953e-02       1.685425843061e+04 
       2.270990986584e-02       1.679503304734e+04 
       2.285465633551e-02       1.673544150530e+04 
       2.299948552257e-02       1.667548385377e+04 
       2.314439904934e-02       1.661518374528e+04 
       2.328939857733e-02       1.655450179849e+04 
       2.343448580806e-02       1.649353770409e+04 
       2.357966248400e-02       1.643225303220e+04 
       2.372493038945e-02       1.637063739097e+04 
       2.387029135151e-02       1.630874944011e+04 
       2.401574724107e-02       1.624654980853e+04 
       2.416129997382e-02       1.618413968520e+04 
       2.430695151128e-02       1.612143347286e+04 
       2.445270386188e-02       1.605851357792e+04 
       2.459855908209e-02       1.599530422964e+04 
       2.474451927753e-02       1.593190438557e+04 
       2.489058660417e-02       1.586826419521e+04 
       2.503676326952e-02       1.580446754676e+04 
       2.518305153391e-02       1.574041332015e+04 
       2.532945371179e-02       1.567619830994e+04 
       2.547597217300e-02       1.561183261280e+04 
       2.562260934423e-02       1.554727761827e+04 
       2.576936771034e-02       1.548256235189e+04 
       2.591624981590e-02       1.541770668797e+04 
       2.606325826667e-02       1.535270923411e+04 
       2.621039573111e-02       1.528757968025e+04 
       2.635766494206e-02       1.522235140911e+04 
       2.650506869833e-02       1.515696507586e+04 
       2.665260986643e-02       1.509149143459e+04 
       2.680029138234e-02       1.502595295022e+04 
       2.694811625331e-02       1.496029721435e+04 
       2.709608755975e-02       1.489459161878e+04 
       2.724420845716e-02       1.482877905945e+04 
       2.739248217811e-02       1.476293846274e+04 
       2.754091203436e-02       1.469702952317e+04 
       2.768950141894e-02       1.463107855723e+04 
       2.783825380839e-02       1.456507749605e+04 
       2.798717276503e-02       1.449903621434e+04 
       2.813626193929e-02       1.443297213508e+04 
       2.828552507219e-02       1.436693263065e+04 
       2.843496599782e-02       1.430077849691e+04 
       2.858458864595e-02       1.423470682131e+04 
       2.873439704477e-02       1.416859931257e+04 
       2.888439532357e-02       1.410251007855e+04 
       2.903458771576e-02       1.403644387717e+04 
       2.918497856172e-02       1.397036210325e+04 
       2.933557231199e-02       1.390438320566e+04 
       2.948637353041e-02       1.383837571212e+04 
       2.963738689745e-02       1.377237828169e+04 
       2.978861721366e-02       1.370647758579e+04 
       2.994006940319e-02       1.364058506518e+04 
       3.009174851749e-02       1.357480005252e+04 
       3.024365973913e-02       1.350904245545e+04 
       3.039580838579e-02       1.344338692695e+04 
       3.054819991431e-02       1.337775239218e+04 
       3.070083992499e-02       1.331217461584e+04 
       3.085373416602e-02       1.324670352401e+04 
       3.100688853805e-02       1.318130833129e+04 
       3.116030909896e-02       1.311603128546e+04 
       3.131400206883e-02       1.305083232515e+04 
       3.146797383506e-02       1.298571821252e+04 
       3.162223095773e-02       1.292073309997e+04 
       3.177678017517e-02       1.285586142901e+04 
       3.193162840970e-02       1.279109320934e+04 
       3.208678277367e-02       1.272640736310e+04 
       3.224225057573e-02       1.266188960409e+04 
       3.239803932729e-02       1.259747680175e+04 
       3.255415674933e-02       1.253318883895e+04 
       3.271061077945e-02       1.246902779877e+04 
       3.286740957923e-02       1.240502879079e+04 
       3.302456154187e-02       1.234110351818e+04 
       3.318207530021e-02       1.227738570756e+04 
       3.333995973504e-02       1.221374588393e+04 
       3.349822398379e-02       1.215030037395e+04 
       3.365687744962e-02       1.208698837482e+04 
       3.381592981088e-02       1.202385209169e+04 
       3.397539103097e-02       1.196085110124e+04 
       3.413527136875e-02       1.189797661956e+04 
       3.429558138925e-02       1.183530125519e+04 
       3.445633197505e-02       1.177279169670e+04 
       3.461753433803e-02       1.171042480243e+04 
       3.477920003175e-02       1.164824009134e+04 
       3.494134096444e-02       1.158621471773e+04 
       3.510396941249e-02       1.152437086056e+04 
       3.526709803469e-02       1.146268311772e+04 
       3.543073988712e-02       1.140116761081e+04 
       3.559490843876e-02       1.133988358050e+04 
       3.575961758788e-02       1.127873044300e+04 
       3.592488167924e-02       1.121773816221e+04 
       3.609071552216e-02       1.115697046384e+04 
       3.625713440948e-02       1.109635416223e+04 
       3.642415413751e-02       1.103592840527e+04 
       3.659179102706e-02       1.097567280295e+04 
       3.676006194546e-02       1.091558931191e+04 
       3.692898432985e-02       1.085573862454e+04 
       3.709857621164e-02       1.079603149431e+04 
       3.726885624237e-02       1.073656290890e+04 
       3.743984372084e-02       1.067723481491e+04 
       3.761155862192e-02       1.061812719029e+04 
       3.778402162682e-02       1.055916606403e+04 
       3.795725415511e-02       1.050041394607e+04 
       3.813127839861e-02       1.044188479834e+04 
       3.830611735715e-02       1.038350562675e+04 
       3.848179487650e-02       1.032527524213e+04 
       3.865833568845e-02       1.026730643792e+04 
       3.883576545338e-02       1.020951449648e+04 
       3.901411080529e-02       1.015187772966e+04 
       3.919339939965e-02       1.009446413785e+04 
       3.937365996421e-02       1.003722226993e+04 
       3.955492235296e-02       9.980158999877e+03 
       3.973721760349e-02       9.923285423779e+03 
       3.992057799809e-02       9.866591537130e+03 
       4.010503712876e-02       9.810076362353e+03 
       4.029062996651e-02       9.753745343877e+03 
       4.047739293529e-02       9.697637959257e+03 
       4.066536399090e-02       9.641648493774e+03 
       4.085458270527e-02       9.585880940854e+03 
       4.104509035659e-02       9.530258477255e+03 
       4.123693002583e-02       9.474831889756e+03 
       4.143014670000e-02       9.419564856919e+03 
       4.162478738298e-02       9.364467952885e+03 
       4.182090121440e-02       9.309559192271e+03 
       4.201853959734e-02       9.254787584608e+03 
       4.221775633566e-02       9.200165347286e+03 
       4.241860778184e-02       9.145752857683e+03 
       4.262115299620e-02       9.091479447106e+03 
       4.282545391873e-02       9.037349981229e+03 
       4.303157555460e-02       8.983365528659e+03 
       4.323958617473e-02       8.929549822130e+03 
       4.344955753282e-02       8.875869297044e+03 
       4.366156510068e-02       8.822353110492e+03 
       4.387568832338e-02       8.768925475157e+03 
       4.409201089662e-02       8.715655825305e+03 
       4.431062106831e-02       8.662531101068e+03 
       4.453161196721e-02       8.609529917758e+03 
       4.475508196139e-02       8.556589302653e+03 
       4.498113504973e-02       8.503834430843e+03 
       4.520988129040e-02       8.451142128228e+03 
       4.544143727020e-02       8.398596975131e+03 
       4.567592661979e-02       8.346150467361e+03 
       4.591348057996e-02       8.293728446120e+03 
       4.615423862525e-02       8.241448751171e+03 
       4.639834915182e-02       8.189240834621e+03 
       4.664597023767e-02       8.137084243658e+03 
       4.689727048422e-02       8.084985434799e+03 
       4.715242995001e-02       8.032932267660e+03 
       4.741164118855e-02       7.980999381665e+03 
       4.767511040433e-02       7.929032829243e+03 
       4.794305874337e-02       7.877098234977e+03 
       4.821572373710e-02       7.825168685508e+03 
       4.849336092154e-02       7.773300217756e+03 
       4.877624565771e-02       7.721367411626e+03 
       4.906467518305e-02       7.669432542622e+03 
       4.935897092966e-02       7.617465501041e+03 
       4.965948115084e-02       7.565484297715e+03 
       4.996658390560e-02       7.513384919246e+03 
       5.028069045992e-02       7.461231118409e+03 
       5.060224917470e-02       7.408985815395e+03 
       5.093174996444e-02       7.356611331250e+03 
       5.126972942734e-02       7.304105074122e+03 
       5.161677676840e-02       7.251427167465e+03 
       5.197354066272e-02       7.198535408034e+03 
       5.234073723810e-02       7.145487219704e+03 
       5.271915939561e-02       7.092142115036e+03 
       5.310968773643e-02       7.038549619265e+03 
       5.351330342555e-02       6.984629776919e+03 
       5.393110340124e-02       6.930340655603e+03 
       5.436431843882e-02       6.875635787874e+03 
       5.481433470280e-02       6.820480371229e+03 
       5.528271958222e-02       6.764822144833e+03 
       5.577125280816e-02       6.708553030492e+03 
       5.628196411276e-02       6.651614321291e+03 
       5.681717902078e-02       6.593900865611e+03 
       5.737957478409e-02       6.535343828301e+03 
       5.797224899611e-02       6.475769349042e+03 
       5.859880407127e-02       6.415022710101e+03 
       5.926345154941e-02       6.352946284792e+03 
       5.997114105768e-02       6.289291988681e+03 
       6.072771963492e-02       6.223784442600e+03 
       6.154012774431e-02       6.156065305030e+03 
       6.241663811063e-02       6.085689372762e+03 
       6.336714136445e-02       6.012101290025e+03 
       6.440347608749e-02       5.934517719763e+03 
       6.553978602143e-02       5.851987631457e+03 
       6.679285666541e-02       5.763204980495e+03 
       6.818232624823e-02       5.666474637790e+03 
       6.973056976171e-02       5.559567853824e+03 
       7.146191826425e-02       5.439612660884e+03 
       7.340074503186e-02       5.303111432341e+03 
       7.556798329767e-02       5.146153289536e+03 
       7.797613892407e-02       4.965007026869e+03 
       8.062404937481e-02       4.757289705805e+03 
       8.349399910996e-02       4.523322976870e+03 
       8.655370016841e-02       4.267203616684e+03 
       8.976300012808e-02       3.996782683313e+03 
       9.308198903495e-02       3.722443773925e+03 
       9.647679233666e-02       3.455151446532e+03 
       9.992173545888e-02       3.204706552262e+03 
       1.033988329734e-01       2.978460963266e+03 
       1.068961338526e-01       2.780899961479e+03 
       1.104059643962e-01       2.613629558246e+03 
       1.139235031877e-01       2.475769380159e+03 
       1.174457615784e-01       2.364455915734e+03 
       1.209709023028e-01       2.275455447181e+03 
       1.244978015568e-01       2.203663601190e+03 
       1.280257739702e-01       2.143599745578e+03 
       1.315544022444e-01       2.089904677465e+03 
       1.350834324930e-01       2.037742915479e+03 
       1.386127102665e-01       1.983197202555e+03 
       1.421421415626e-01       1.923563364715e+03 
       1.456716691063e-01       1.857478247579e+03 
       1.492012579361e-01       1.784921196476e+03 
       1.527308866482e-01       1.707023695617e+03 
       1.562605420820e-01       1.625774807131e+03 
       1.597902160919e-01       1.543643173380e+03 
       1.633199035886e-01       1.463207577942e+03 
       1.668496013484e-01       1.386836350172e+03 
       1.703793072904e-01       1.316446817505e+03 
       1.739090200366e-01       1.253365351523e+03 
       1.774387386445e-01       1.198268588333e+03 
       1.809684624436e-01       1.151205028603e+03 
       1.844981909359e-01       1.111677417790e+03 
       1.880279237345e-01       1.078739284883e+03 
       1.915576605263e-01       1.051129928290e+03 
       1.950874010479e-01       1.027412863780e+03 
       1.986171450719e-01       1.006126631175e+03 
       2.021468923967e-01       9.860695837296e+02 
       2.056766428409e-01       9.657904203840e+02 
       2.092063962393e-01       9.443235884954e+02 
       2.127361524399e-01       9.210517599997e+02 
       2.162659113021e-01       8.957464914354e+02 
       2.197956726953e-01       8.685554515977e+02 
       2.233254364977e-01       8.399166108173e+02 
       2.268552025955e-01       8.104760769280e+02 
       2.303849708821e-01       7.809619345170e+02 
       2.339147412574e-01       7.520702659381e+02 
       2.374445136276e-01       7.244237201022e+02 
       2.409742879042e-01       6.985093664474e+02 
       2.445040640041e-01       6.746814312439e+02 
       2.480338418488e-01       6.531399696281e+02 
       2.515636213643e-01       6.339416539374e+02 
       2.550934024809e-01       6.169912805949e+02 
       2.586231851325e-01       6.020595517213e+02 
       2.621529692566e-01       5.888032856859e+02 
       2.656827547943e-01       5.768093366549e+02 
       2.692125416895e-01       5.656398821827e+02 
       2.727423298892e-01       5.548838785782e+02 
       2.762721193431e-01       5.441931260858e+02 
       2.798019100034e-01       5.333056849670e+02 
       2.833317018247e-01       5.220528370462e+02 
       2.868614947640e-01       5.103577401887e+02 
       2.903912887802e-01       4.982215904965e+02 
       2.939210838342e-01       4.857266651067e+02 
       2.974508798890e-01       4.730133055232e+02 
       3.009806769091e-01       4.602690727339e+02 
       3.045104748607e-01       4.477033894979e+02 
       3.080402737117e-01       4.355230847701e+02 
       3.115700734312e-01       4.239019218318e+02 
       3.150998739900e-01       4.129674189846e+02 
       3.186296753600e-01       4.027846108178e+02 
       3.221594775144e-01       3.933633162749e+02 
       3.256892804275e-01       3.846696715855e+02 
       3.292190840748e-01       3.766352578869e+02 
       3.327488884329e-01       3.691712483850e+02 
       3.362786934792e-01       3.621727411556e+02 
       3.398084991921e-01       3.555290289909e+02 
       3.433383055511e-01       3.491244261292e+02 
       3.468681125362e-01       3.428511585694e+02 
       3.503979201285e-01       3.366165556851e+02 
       3.539277283098e-01       3.303542093155e+02 
       3.574575370623e-01       3.240286737849e+02 
       3.609873463694e-01       3.176368372921e+02 
       3.645171562149e-01       3.112012612701e+02 
       3.680469665831e-01       3.047621641606e+02 
       3.715767774592e-01       2.983669921740e+02 
       3.751065888287e-01       2.920656743192e+02 
       3.786364006777e-01       2.859053037665e+02 
       3.821662129929e-01       2.799283832813e+02 
       3.856960257614e-01       2.741738920999e+02 
       3.892258389709e-01       2.686703920917e+02 
       3.927556526094e-01       2.634342601856e+02 
       3.962854666654e-01       2.584670343600e+02 
       3.998152811278e-01       2.537533678755e+02 
       4.033450959858e-01       2.492655733735e+02 
       4.068749112292e-01       2.449679777100e+02 
       4.104047268479e-01       2.408223391626e+02 
       4.139345428324e-01       2.367963504712e+02 
       4.174643591732e-01       2.328615770243e+02 
       4.209941758614e-01       2.289968018871e+02 
       4.245239928882e-01       2.251850987783e+02 
       4.280538102454e-01       2.214136634285e+02 
       4.315836279247e-01       2.176734612781e+02 
       4.351134459182e-01       2.139610789636e+02 
       4.386432642184e-01       2.102797113426e+02 
       4.421730828179e-01       2.066384157249e+02 
       4.457029017094e-01       2.030511911266e+02 
       4.492327208863e-01       1.995326210429e+02 
       4.527625403416e-01       1.960958197697e+02 
       4.562923600690e-01       1.927492121597e+02 
       4.598221800621e-01       1.894981234708e+02 
       4.633520003148e-01       1.863437040691e+02 
       4.668818208213e-01       1.832867855265e+02 
       4.704116415758e-01       1.803268895411e+02 
       4.739414625728e-01       1.774632084630e+02 
       4.774712838068e-01       1.746918589965e+02 
       4.810011052726e-01       1.720064983658e+02 
       4.845309269651e-01       1.693972610283e+02 
       4.880607488794e-01       1.668524731291e+02 
       4.915905710108e-01       1.643609212627e+02 
       4.951203933544e-01       1.619132842744e+02 
       4.986502159058e-01       1.595036988967e+02 
       5.021800386607e-01       1.571295364265e+02 
       5.057098616147e-01       1.547892698455e+02 
       5.092396847637e-01       1.524824440243e+02 
       5.127695081036e-01       1.502086653373e+02 
       5.162993316306e-01       1.479680810753e+02 
       5.198291553407e-01       1.457618716420e+02 
       5.233589792303e-01       1.435929547073e+02 
       5.268888032958e-01       1.414658141025e+02 
       5.304186275335e-01       1.393852944500e+02 
       5.339484519402e-01       1.373550464266e+02 
       5.374782765125e-01       1.353764415093e+02 
       5.410081012470e-01       1.334483283423e+02 
       5.445379261407e-01       1.315682905644e+02 
       5.480677511905e-01       1.297323320695e+02 
       5.515975763933e-01       1.279376982331e+02 
       5.551274017462e-01       1.261820315574e+02 
       5.586572272464e-01       1.244636006690e+02 
       5.621870528911e-01       1.227803055285e+02 
       5.657168786776e-01       1.211294353015e+02 
       5.692467046032e-01       1.195077009035e+02 
       5.727765306654e-01       1.179119800030e+02 
       5.763063568616e-01       1.163400749352e+02 
       6.013751784838e-01       1.058876807124e+02 
       6.289467001742e-01       9.587069938291e+01 
       6.596979687872e-01       8.623636264081e+01 
       6.946296599460e-01       7.681667132287e+01 
       7.352976292708e-01       6.759486057321e+01 
       7.842770710978e-01       5.840848037971e+01 
       8.461692310324e-01       4.912328061241e+01 
       9.299471756978e-01       3.954301627701e+01 
       1.054370889753e+00       2.954444282878e+01 
       1.255156726148e+00       1.961269965655e+01 
       1.562130009674e+00       1.163587460411e+01 
       1.965639893852e+00       6.667553008486e+00 
       2.474583044632e+00       3.785666591465e+00 
       3.115315456245e+00       2.133813258768e+00 
       3.921949793616e+00       1.194792865680e+00 
       4.937442258964e+00       6.649667271683e-01 
