# Matter power spectrum P(k) at redshift z=0
# for k=1.06258e-05 to 4.93744 h/Mpc,
# number of wavenumbers equal to 541
#    1:k (h/Mpc)              2:P (Mpc/h)^3        
       1.062576367506e-05       4.576857602162e+01 
       2.477342613381e-05       1.037223388247e+02 
       3.897834212793e-05       1.607330779583e+02 
       5.328663042570e-05       2.174383081592e+02 
       6.774529933058e-05       2.742107133248e+02 
       8.240275192580e-05       3.313389497082e+02 
       9.730931017152e-05       3.890772184822e+02 
       1.125177661467e-04       4.476656803097e+02 
       1.280839687759e-04       5.073412327757e+02 
       1.440674544074e-04       5.683443274893e+02 
       1.605321295279e-04       6.309240041174e+02 
       1.775470136018e-04       6.953420589247e+02 
       1.951870493360e-04       7.618768186195e+02 
       2.135339863773e-04       8.308267494828e+02 
       2.326773422361e-04       9.025140327967e+02 
       2.527154406738e-04       9.772881645439e+02 
       2.737565223589e-04       1.055529585004e+03 
       2.959199145850e-04       1.137653286570e+03 
       3.193372354188e-04       1.224112305169e+03 
       3.441535918484e-04       1.315400917117e+03 
       3.705287103680e-04       1.412057293486e+03 
       3.986379111697e-04       1.514665252173e+03 
       4.286728035099e-04       1.623854628889e+03 
       4.608415407949e-04       1.740299668295e+03 
       4.953684324308e-04       1.864714682466e+03 
       5.324926714982e-04       1.997846151946e+03 
       5.724659129432e-04       2.140460393209e+03 
       6.155484409467e-04       2.293325963508e+03 
       6.620037148827e-04       2.457190335825e+03 
       7.120911995211e-04       2.632750800256e+03 
       7.660575789499e-04       2.820620311227e+03 
       8.241267204753e-04       3.021290122827e+03 
       8.864890628833e-04       3.235091982740e+03 
       9.532913896528e-04       3.462163662542e+03 
       1.024628125546e-03       3.702422183450e+03 
       1.100535280364e-03       3.955548614693e+03 
       1.180987911664e-03       4.220987378683e+03 
       1.265901514724e-03       4.497960998120e+03 
       1.355137174156e-03       4.785498983654e+03 
       1.448509772705e-03       5.082477442102e+03 
       1.545798183006e-03       5.387664691960e+03 
       1.646756239881e-03       5.699767728341e+03 
       1.751123395820e-03       6.017475416172e+03 
       1.858634228955e-03       6.339495568523e+03 
       1.969026304546e-03       6.664584398909e+03 
       2.082046203730e-03       6.991568532848e+03 
       2.197453775268e-03       7.319359257383e+03 
       2.315024820245e-03       7.646961277009e+03 
       2.434552493764e-03       7.973475082592e+03 
       2.555847721782e-03       8.298091760232e+03 
       2.678738907620e-03       8.620102253964e+03 
       2.803071160163e-03       8.938882045748e+03 
       2.928705227710e-03       9.253885780384e+03 
       3.055516275761e-03       9.564642297678e+03 
       3.183392607801e-03       9.870746691687e+03 
       3.312234396542e-03       1.017185560320e+04 
       3.441952468942e-03       1.046768025792e+04 
       3.572467170570e-03       1.075797877652e+04 
       3.703707322365e-03       1.104255499942e+04 
       3.835609274266e-03       1.132125111299e+04 
       3.968116054663e-03       1.159394390917e+04 
       4.101176611183e-03       1.186053886075e+04 
       4.234745136359e-03       1.212097345072e+04 
       4.368780470878e-03       1.237520464110e+04 
       4.503245576768e-03       1.262321288269e+04 
       4.638107073127e-03       1.286499782327e+04 
       4.773334827345e-03       1.310057384976e+04 
       4.908901595360e-03       1.332995471679e+04 
       5.044782705062e-03       1.355319270079e+04 
       5.180955777582e-03       1.377029651185e+04 
       5.317400481781e-03       1.398135528658e+04 
       5.454098317813e-03       1.418642539315e+04 
       5.591032426126e-03       1.438577361836e+04 
       5.728187418715e-03       1.457930961754e+04 
       5.865549229868e-03       1.476712770112e+04 
       6.003104983955e-03       1.494928589926e+04 
       6.140842878178e-03       1.512591583922e+04 
       6.278752078414e-03       1.529711377723e+04 
       6.416822626581e-03       1.546304137786e+04 
       6.555045358107e-03       1.562364423669e+04 
       6.693411828305e-03       1.577907733070e+04 
       6.831914246593e-03       1.592959811061e+04 
       6.970545417626e-03       1.607514677744e+04 
       7.109298688547e-03       1.621580434633e+04 
       7.248167901650e-03       1.635182012859e+04 
       7.387147351823e-03       1.648306108271e+04 
       7.526231748259e-03       1.660970421649e+04 
       7.665416179937e-03       1.673240732334e+04 
       7.804696084460e-03       1.685029233291e+04 
       7.944067219907e-03       1.696391348029e+04 
       8.083525639338e-03       1.707336571847e+04 
       8.223067667704e-03       1.717871799358e+04 
       8.362689880892e-03       1.728007698161e+04 
       8.502389086682e-03       1.737747700958e+04 
       8.642162307429e-03       1.747107796891e+04 
       8.782006764290e-03       1.756094228118e+04 
       8.921919862843e-03       1.764716207050e+04 
       9.061899179957e-03       1.772975478971e+04 
       9.201942451795e-03       1.780883252615e+04 
       9.342047562837e-03       1.788448013820e+04 
       9.482212535833e-03       1.795678341902e+04 
       9.622435522582e-03       1.802578663801e+04 
       9.762714795484e-03       1.809157721972e+04 
       9.903048739768e-03       1.815416348344e+04 
       1.004343584636e-02       1.821375214042e+04 
       1.018387470530e-02       1.827027172260e+04 
       1.032436399971e-02       1.832387808142e+04 
       1.046490250022e-02       1.837460093144e+04 
       1.060548905979e-02       1.842251016523e+04 
       1.074612260902e-02       1.846762811486e+04 
       1.088680215171e-02       1.851007298751e+04 
       1.102752676084e-02       1.854979573302e+04 
       1.116829557482e-02       1.858702630303e+04 
       1.130910779400e-02       1.862161631576e+04 
       1.144996267749e-02       1.865379859999e+04 
       1.159085954016e-02       1.868353696427e+04 
       1.173179774988e-02       1.871086343560e+04 
       1.187277672498e-02       1.873589968349e+04 
       1.201379593187e-02       1.875861585936e+04 
       1.215485488285e-02       1.877907396437e+04 
       1.229595313403e-02       1.879736274211e+04 
       1.243709028349e-02       1.881352015472e+04 
       1.257826596949e-02       1.882755276980e+04 
       1.271947986882e-02       1.883950472733e+04 
       1.286073169535e-02       1.884946965203e+04 
       1.300202119852e-02       1.885743601669e+04 
       1.314334816213e-02       1.886347056442e+04 
       1.328471240309e-02       1.886759941420e+04 
       1.342611377027e-02       1.886983681445e+04 
       1.356755214352e-02       1.887026966925e+04 
       1.370902743265e-02       1.886900211127e+04 
       1.385053957655e-02       1.886590547430e+04 
       1.399208854242e-02       1.886111176726e+04 
       1.413367432490e-02       1.885466927463e+04 
       1.427529694549e-02       1.884654912356e+04 
       1.441695645179e-02       1.883685635483e+04 
       1.455865291700e-02       1.882556721689e+04 
       1.470038643932e-02       1.881272654345e+04 
       1.484215714145e-02       1.879840905833e+04 
       1.498396517018e-02       1.878261963896e+04 
       1.512581069591e-02       1.876537723182e+04 
       1.526769391237e-02       1.874672020143e+04 
       1.540961503617e-02       1.872669836736e+04 
       1.555157430661e-02       1.870528908845e+04 
       1.569357198533e-02       1.868261694556e+04 
       1.583560835612e-02       1.865862993069e+04 
       1.597768372471e-02       1.863337912683e+04 
       1.611979841861e-02       1.860687515504e+04 
       1.626195278690e-02       1.857920986943e+04 
       1.640414720020e-02       1.855034034383e+04 
       1.654638205052e-02       1.852030351688e+04 
       1.668865775120e-02       1.848918674227e+04 
       1.683097473691e-02       1.845694714564e+04 
       1.697333346354e-02       1.842359831676e+04 
       1.711573440830e-02       1.838924356258e+04 
       1.725817806968e-02       1.835384293167e+04 
       1.740066496752e-02       1.831749475998e+04 
       1.754319564307e-02       1.828009672690e+04 
       1.768577065907e-02       1.824178487300e+04 
       1.782839059988e-02       1.820251197904e+04 
       1.797105607156e-02       1.816236944852e+04 
       1.811376770207e-02       1.812128310894e+04 
       1.825652614137e-02       1.807938830556e+04 
       1.839933206167e-02       1.803659543907e+04 
       1.854218615755e-02       1.799297576911e+04 
       1.868508914623e-02       1.794854986474e+04 
       1.882804176781e-02       1.790337151326e+04 
       1.897104478548e-02       1.785743253342e+04 
       1.911409898580e-02       1.781072333474e+04 
       1.925720517901e-02       1.776327774758e+04 
       1.940036419931e-02       1.771509724788e+04 
       1.954357690519e-02       1.766625981346e+04 
       1.968684417975e-02       1.761669566783e+04 
       1.983016693109e-02       1.756650586159e+04 
       1.997354609263e-02       1.751570255172e+04 
       2.011698262353e-02       1.746424760296e+04 
       2.026047750912e-02       1.741214802503e+04 
       2.040403176127e-02       1.735950983699e+04 
       2.054764641886e-02       1.730625820370e+04 
       2.069132254824e-02       1.725246358511e+04 
       2.083506124371e-02       1.719812583660e+04 
       2.097886362800e-02       1.714326212154e+04 
       2.112273085280e-02       1.708788051387e+04 
       2.126666409929e-02       1.703198502888e+04 
       2.141066457868e-02       1.697561893816e+04 
       2.155473353281e-02       1.691874989127e+04 
       2.169887223469e-02       1.686145025714e+04 
       2.184308198920e-02       1.680371257070e+04 
       2.198736413362e-02       1.674553438161e+04 
       2.213172003837e-02       1.668692578569e+04 
       2.227615110763e-02       1.662794219533e+04 
       2.242065878006e-02       1.656856433257e+04 
       2.256524452953e-02       1.650882654307e+04 
       2.270990986584e-02       1.644870676064e+04 
       2.285465633551e-02       1.638824793014e+04 
       2.299948552257e-02       1.632745008176e+04 
       2.314439904934e-02       1.626633635456e+04 
       2.328939857733e-02       1.620486826374e+04 
       2.343448580806e-02       1.614314353809e+04 
       2.357966248400e-02       1.608112451221e+04 
       2.372493038945e-02       1.601880108349e+04 
       2.387029135151e-02       1.595623069259e+04 
       2.401574724107e-02       1.589337484893e+04 
       2.416129997382e-02       1.583033255478e+04 
       2.430695151128e-02       1.576702008763e+04 
       2.445270386188e-02       1.570351813795e+04 
       2.459855908209e-02       1.563975254863e+04 
       2.474451927753e-02       1.557582012561e+04 
       2.489058660417e-02       1.551167213844e+04 
       2.503676326952e-02       1.544739057679e+04 
       2.518305153391e-02       1.538287661859e+04 
       2.532945371179e-02       1.531822484236e+04 
       2.547597217300e-02       1.525344511538e+04 
       2.562260934423e-02       1.518849966473e+04 
       2.576936771034e-02       1.512341684378e+04 
       2.591624981590e-02       1.505821602373e+04 
       2.606325826667e-02       1.499289581640e+04 
       2.621039573111e-02       1.492746563573e+04 
       2.635766494206e-02       1.486195803317e+04 
       2.650506869833e-02       1.479631494673e+04 
       2.665260986643e-02       1.473060560395e+04 
       2.680029138234e-02       1.466485163983e+04 
       2.694811625331e-02       1.459900196594e+04 
       2.709608755975e-02       1.453312215649e+04 
       2.724420845716e-02       1.446715663558e+04 
       2.739248217811e-02       1.440118213849e+04 
       2.754091203436e-02       1.433515941272e+04 
       2.768950141894e-02       1.426911390151e+04 
       2.783825380839e-02       1.420303793307e+04 
       2.798717276503e-02       1.413694085838e+04 
       2.813626193929e-02       1.407083967756e+04 
       2.828552507219e-02       1.400478049172e+04 
       2.843496599782e-02       1.393862764256e+04 
       2.858458864595e-02       1.387257308144e+04 
       2.873439704477e-02       1.380650152108e+04 
       2.888439532357e-02       1.374046563741e+04 
       2.903458771576e-02       1.367447000982e+04 
       2.918497856172e-02       1.360847699684e+04 
       2.933557231199e-02       1.354260192683e+04 
       2.948637353041e-02       1.347671669090e+04 
       2.963738689745e-02       1.341085891056e+04 
       2.978861721366e-02       1.334511293262e+04 
       2.994006940319e-02       1.327939247365e+04 
       3.009174851749e-02       1.321379413817e+04 
       3.024365973913e-02       1.314823992350e+04 
       3.039580838579e-02       1.308280240048e+04 
       3.054819991431e-02       1.301740258500e+04 
       3.070083992499e-02       1.295207519183e+04 
       3.085373416602e-02       1.288686872306e+04 
       3.100688853805e-02       1.282175308619e+04 
       3.116030909896e-02       1.275676926279e+04 
       3.131400206883e-02       1.269187817254e+04 
       3.146797383506e-02       1.262708625732e+04 
       3.162223095773e-02       1.256243631450e+04 
       3.177678017517e-02       1.249791307360e+04 
       3.193162840970e-02       1.243350665996e+04 
       3.208678277367e-02       1.236919643993e+04 
       3.224225057573e-02       1.230506557723e+04 
       3.239803932729e-02       1.224105253976e+04 
       3.255415674933e-02       1.217717650381e+04 
       3.271061077945e-02       1.211343933187e+04 
       3.286740957923e-02       1.204987497360e+04 
       3.302456154187e-02       1.198639750495e+04 
       3.318207530021e-02       1.192313668040e+04 
       3.333995973504e-02       1.185996658480e+04 
       3.349822398379e-02       1.179700004455e+04 
       3.365687744962e-02       1.173417788296e+04 
       3.381592981088e-02       1.167154093802e+04 
       3.397539103097e-02       1.160904983695e+04 
       3.413527136875e-02       1.154669593903e+04 
       3.429558138925e-02       1.148454958287e+04 
       3.445633197505e-02       1.142257831128e+04 
       3.461753433803e-02       1.136075956787e+04 
       3.477920003175e-02       1.129913157093e+04 
       3.494134096444e-02       1.123767206323e+04 
       3.510396941249e-02       1.117640242547e+04 
       3.526709803469e-02       1.111529794565e+04 
       3.543073988712e-02       1.105437412664e+04 
       3.559490843876e-02       1.099368830148e+04 
       3.575961758788e-02       1.093314283848e+04 
       3.592488167924e-02       1.087276667779e+04 
       3.609071552216e-02       1.081262147177e+04 
       3.625713440948e-02       1.075263615383e+04 
       3.642415413751e-02       1.069284855289e+04 
       3.659179102706e-02       1.063323877493e+04 
       3.676006194546e-02       1.057380859495e+04 
       3.692898432985e-02       1.051461665592e+04 
       3.709857621164e-02       1.045557637968e+04 
       3.726885624237e-02       1.039677960150e+04 
       3.743984372084e-02       1.033813121167e+04 
       3.761155862192e-02       1.027970850452e+04 
       3.778402162682e-02       1.022143970791e+04 
       3.795725415511e-02       1.016338518130e+04 
       3.813127839861e-02       1.010555826146e+04 
       3.830611735715e-02       1.004788813688e+04 
       3.848179487650e-02       9.990373499578e+03 
       3.865833568845e-02       9.933123323866e+03 
       3.883576545338e-02       9.876055447627e+03 
       3.901411080529e-02       9.819148747896e+03 
       3.919339939965e-02       9.762468820407e+03 
       3.937365996421e-02       9.705965726078e+03 
       3.955492235296e-02       9.649645945541e+03 
       3.973721760349e-02       9.593520044565e+03 
       3.992057799809e-02       9.537578172927e+03 
       4.010503712876e-02       9.481819207428e+03 
       4.029062996651e-02       9.426248253552e+03 
       4.047739293529e-02       9.370903271766e+03 
       4.066536399090e-02       9.315681932223e+03 
       4.085458270527e-02       9.260684475279e+03 
       4.104509035659e-02       9.205836587400e+03 
       4.123693002583e-02       9.151187191689e+03 
       4.143014670000e-02       9.096700853854e+03 
       4.162478738298e-02       9.042387646556e+03 
       4.182090121440e-02       8.988264786374e+03 
       4.201853959734e-02       8.934282811344e+03 
       4.221775633566e-02       8.880453345914e+03 
       4.241860778184e-02       8.826834435399e+03 
       4.262115299620e-02       8.773357645926e+03 
       4.282545391873e-02       8.720027477912e+03 
       4.303157555460e-02       8.666844721059e+03 
       4.323958617473e-02       8.613832095345e+03 
       4.344955753282e-02       8.560956968871e+03 
       4.366156510068e-02       8.508247226273e+03 
       4.387568832338e-02       8.455629605252e+03 
       4.409201089662e-02       8.403170802880e+03 
       4.431062106831e-02       8.350857993654e+03 
       4.453161196721e-02       8.298670313123e+03 
       4.475508196139e-02       8.246546844905e+03 
       4.498113504973e-02       8.194607880611e+03 
       4.520988129040e-02       8.142734705483e+03 
       4.544143727020e-02       8.091008263742e+03 
       4.567592661979e-02       8.039381604788e+03 
       4.591348057996e-02       7.987782960413e+03 
       4.615423862525e-02       7.936325526777e+03 
       4.639834915182e-02       7.884940930092e+03 
       4.664597023767e-02       7.833609101084e+03 
       4.689727048422e-02       7.782335836021e+03 
       4.715242995001e-02       7.731108987718e+03 
       4.741164118855e-02       7.679999923569e+03 
       4.767511040433e-02       7.628859991251e+03 
       4.794305874337e-02       7.577751796178e+03 
       4.821572373710e-02       7.526648891858e+03 
       4.849336092154e-02       7.475604767173e+03 
       4.877624565771e-02       7.424498054419e+03 
       4.906467518305e-02       7.373388120315e+03 
       4.935897092966e-02       7.322245403527e+03 
       4.965948115084e-02       7.271086587831e+03 
       4.996658390560e-02       7.219811040088e+03 
       5.028069045992e-02       7.168479367476e+03 
       5.060224917470e-02       7.117055181823e+03 
       5.093174996444e-02       7.065501532199e+03 
       5.126972942734e-02       7.013815052103e+03 
       5.161677676840e-02       6.961956479144e+03 
       5.197354066272e-02       6.909884255661e+03 
       5.234073723810e-02       6.857652263859e+03 
       5.271915939561e-02       6.805124205648e+03 
       5.310968773643e-02       6.752346360299e+03 
       5.351330342555e-02       6.699239993217e+03 
       5.393110340124e-02       6.645763058330e+03 
       5.436431843882e-02       6.591868824343e+03 
       5.481433470280e-02       6.537521578213e+03 
       5.528271958222e-02       6.482668597368e+03 
       5.577125280816e-02       6.427203436707e+03 
       5.628196411276e-02       6.371066648892e+03 
       5.681717902078e-02       6.314154171121e+03 
       5.737957478409e-02       6.256396023611e+03 
       5.797224899611e-02       6.197621502165e+03 
       5.859880407127e-02       6.137677767565e+03 
       5.926345154941e-02       6.076408697911e+03 
       5.997114105768e-02       6.013571024416e+03 
       6.072771963492e-02       5.948894521676e+03 
       6.154012774431e-02       5.882028415159e+03 
       6.241663811063e-02       5.812537354368e+03 
       6.336714136445e-02       5.739879698282e+03 
       6.440347608749e-02       5.663295482505e+03 
       6.553978602143e-02       5.581866721055e+03 
       6.679285666541e-02       5.494339285703e+03 
       6.818232624823e-02       5.399089576433e+03 
       6.973056976171e-02       5.293987894317e+03 
       7.146191826425e-02       5.176305254610e+03 
       7.340074503186e-02       5.042743718468e+03 
       7.556798329767e-02       4.889642921436e+03 
       7.797613892407e-02       4.713547995458e+03 
       8.062404937481e-02       4.512319210934e+03 
       8.349399910996e-02       4.286409366773e+03 
       8.655370016841e-02       4.039860834229e+03 
       8.976300012808e-02       3.780242641995e+03 
       9.308198903495e-02       3.517453627856e+03 
       9.647679233666e-02       3.261875556372e+03 
       9.992173545888e-02       3.022746584997e+03 
       1.033988329734e-01       2.806932551128e+03 
       1.068961338526e-01       2.618585376075e+03 
       1.104059643962e-01       2.459129385748e+03 
       1.139235031877e-01       2.327648840186e+03 
       1.174457615784e-01       2.221376908619e+03 
       1.209709023028e-01       2.136269371886e+03 
       1.244978015568e-01       2.067483379686e+03 
       1.280257739702e-01       2.009839021846e+03 
       1.315544022444e-01       1.958285394308e+03 
       1.350834324930e-01       1.908278417213e+03 
       1.386127102665e-01       1.856140313335e+03 
       1.421421415626e-01       1.799341766404e+03 
       1.456716691063e-01       1.736608447057e+03 
       1.492012579361e-01       1.667926410880e+03 
       1.527308866482e-01       1.594355327140e+03 
       1.562605420820e-01       1.517754246933e+03 
       1.597902160919e-01       1.440425494495e+03 
       1.633199035886e-01       1.364769982900e+03 
       1.668496013484e-01       1.292989874899e+03 
       1.703793072904e-01       1.226862324449e+03 
       1.739090200366e-01       1.167613150134e+03 
       1.774387386445e-01       1.115860180590e+03 
       1.809684624436e-01       1.071638208084e+03 
       1.844981909359e-01       1.034473451677e+03 
       1.880279237345e-01       1.003476569603e+03 
       1.915576605263e-01       9.774666946370e+02 
       1.950874010479e-01       9.551025450193e+02 
       1.986171450719e-01       9.350211767128e+02 
       2.021468923967e-01       9.161031355089e+02 
       2.056766428409e-01       8.969984683506e+02 
       2.092063962393e-01       8.768099486304e+02 
       2.127361524399e-01       8.549647432829e+02 
       2.162659113021e-01       8.312512919997e+02 
       2.197956726953e-01       8.058074142830e+02 
       2.233254364977e-01       7.790396713580e+02 
       2.268552025955e-01       7.515475299015e+02 
       2.303849708821e-01       7.240056857512e+02 
       2.339147412574e-01       6.970586473887e+02 
       2.374445136276e-01       6.712821290150e+02 
       2.409742879042e-01       6.471260256998e+02 
       2.445040640041e-01       6.249168338673e+02 
       2.480338418488e-01       6.048379437236e+02 
       2.515636213643e-01       5.869400358681e+02 
       2.550934024809e-01       5.711332566218e+02 
       2.586231851325e-01       5.572038973282e+02 
       2.621529692566e-01       5.448328382806e+02 
       2.656827547943e-01       5.336368259627e+02 
       2.692125416895e-01       5.232099233865e+02 
       2.727423298892e-01       5.131714472672e+02 
       2.762721193431e-01       5.031988642170e+02 
       2.798019100034e-01       4.930499222415e+02 
       2.833317018247e-01       4.825684608140e+02 
       2.868614947640e-01       4.716835203849e+02 
       2.903912887802e-01       4.603961083636e+02 
       2.939210838342e-01       4.487823482381e+02 
       2.974508798890e-01       4.369717944041e+02 
       3.009806769091e-01       4.251376562830e+02 
       3.045104748607e-01       4.134731381128e+02 
       3.080402737117e-01       4.021690417614e+02 
       3.115700734312e-01       3.913854967794e+02 
       3.150998739900e-01       3.812398815457e+02 
       3.186296753600e-01       3.717918444138e+02 
       3.221594775144e-01       3.630500576156e+02 
       3.256892804275e-01       3.549829431206e+02 
       3.292190840748e-01       3.475269771804e+02 
       3.327488884329e-01       3.405999411801e+02 
       3.362786934792e-01       3.341047639787e+02 
       3.398084991921e-01       3.279391663901e+02 
       3.433383055511e-01       3.219961945214e+02 
       3.468681125362e-01       3.161763959789e+02 
       3.503979201285e-01       3.103941663306e+02 
       3.539277283098e-01       3.045882647676e+02 
       3.574575370623e-01       2.987258867485e+02 
       3.609873463694e-01       2.928042090531e+02 
       3.645171562149e-01       2.868439310839e+02 
       3.680469665831e-01       2.808821292373e+02 
       3.715767774592e-01       2.749624221023e+02 
       3.751065888287e-01       2.691308253939e+02 
       3.786364006777e-01       2.634306064958e+02 
       3.821662129929e-01       2.579008852739e+02 
       3.856960257614e-01       2.525774509642e+02 
       3.892258389709e-01       2.474865591624e+02 
       3.927556526094e-01       2.426431654238e+02 
       3.962854666654e-01       2.380486166068e+02 
       3.998152811278e-01       2.336886726709e+02 
       4.033450959858e-01       2.295377649667e+02 
       4.068749112292e-01       2.255629602921e+02 
       4.104047268479e-01       2.217289882994e+02 
       4.139345428324e-01       2.180060490263e+02 
       4.174643591732e-01       2.143679153522e+02 
       4.209941758614e-01       2.107950269509e+02 
       4.245239928882e-01       2.072717538831e+02 
       4.280538102454e-01       2.037862970214e+02 
       4.315836279247e-01       2.003303010114e+02 
       4.351134459182e-01       1.969006184422e+02 
       4.386432642184e-01       1.935001395966e+02 
       4.421730828179e-01       1.901372046304e+02 
       4.457029017094e-01       1.868246467647e+02 
       4.492327208863e-01       1.835758799727e+02 
       4.527625403416e-01       1.804029145885e+02 
       4.562923600690e-01       1.773135057428e+02 
       4.598221800621e-01       1.743124945696e+02 
       4.633520003148e-01       1.714009308483e+02 
       4.668818208213e-01       1.685795310004e+02 
       4.704116415758e-01       1.658478561901e+02 
       4.739414625728e-01       1.632051081076e+02 
       4.774712838068e-01       1.606477118172e+02 
       4.810011052726e-01       1.581697958595e+02 
       4.845309269651e-01       1.557622840689e+02 
       4.880607488794e-01       1.534144009065e+02 
       4.915905710108e-01       1.511158370809e+02 
       4.951203933544e-01       1.488579967750e+02 
       4.986502159058e-01       1.466354836051e+02 
       5.021800386607e-01       1.444458569034e+02 
       5.057098616147e-01       1.422877134314e+02 
       5.092396847637e-01       1.401606163052e+02 
       5.127695081036e-01       1.380641929655e+02 
       5.162993316306e-01       1.359985675023e+02 
       5.198291553407e-01       1.339648175082e+02 
       5.233589792303e-01       1.319656125666e+02 
       5.268888032958e-01       1.300050590334e+02 
       5.304186275335e-01       1.280876044876e+02 
       5.339484519402e-01       1.262165878825e+02 
       5.374782765125e-01       1.243932620256e+02 
       5.410081012470e-01       1.226165519600e+02 
       5.445379261407e-01       1.208842370131e+02 
       5.480677511905e-01       1.191926255227e+02 
       5.515975763933e-01       1.175391857362e+02 
       5.551274017462e-01       1.159217348566e+02 
       5.586572272464e-01       1.143386851778e+02 
       5.621870528911e-01       1.127880877976e+02 
       5.657168786776e-01       1.112674552338e+02 
       5.692467046032e-01       1.097737505690e+02 
       5.727765306654e-01       1.083041103416e+02 
       5.763063568616e-01       1.068564980858e+02 
       6.013751784838e-01       9.723298771261e+01 
       6.289467001742e-01       8.801390089496e+01 
       6.596979687872e-01       7.915035275626e+01 
       6.946296599460e-01       7.048777949581e+01 
       7.352976292708e-01       6.201053382377e+01 
       7.842770710978e-01       5.356939084880e+01 
       8.461692310324e-01       4.504118250735e+01 
       9.299471756978e-01       3.624616729986e+01 
       1.054370889753e+00       2.707203535953e+01 
       1.255156726148e+00       1.796468497844e+01 
       1.562130009674e+00       1.065444745580e+01 
       1.965639893852e+00       6.103637934326e+00 
       2.474583044632e+00       3.464894870471e+00 
       3.115315456245e+00       1.952783236430e+00 
       3.921949793616e+00       1.093344328441e+00 
       4.937442258964e+00       6.084743763655e-01 
