# Matter power spectrum P(k) at redshift z=0
# for k=1.06258e-05 to 4.93744 h/Mpc,
# number of wavenumbers equal to 541
#    1:k (h/Mpc)              2:P (Mpc/h)^3        
       1.062576367506e-05       4.576924948710e+01 
       2.477342613381e-05       1.037239211484e+02 
       3.897834212793e-05       1.607357449591e+02 
       5.328663042570e-05       2.174423412167e+02 
       6.774529933058e-05       2.742164958022e+02 
       8.240275192580e-05       3.313470002481e+02 
       9.730931017152e-05       3.890881685568e+02 
       1.125177661467e-04       4.476803369949e+02 
       1.280839687759e-04       5.073605794872e+02 
       1.440674544074e-04       5.683695619802e+02 
       1.605321295279e-04       6.309565712568e+02 
       1.775470136018e-04       6.953837109463e+02 
       1.951870493360e-04       7.619296709378e+02 
       2.135339863773e-04       8.308933558748e+02 
       2.326773422361e-04       9.025974842241e+02 
       2.527154406738e-04       9.773922209252e+02 
       2.737565223589e-04       1.055658809852e+03 
       2.959199145850e-04       1.137813247181e+03 
       3.193372354188e-04       1.224309826141e+03 
       3.441535918484e-04       1.315644360268e+03 
       3.705287103680e-04       1.412356956679e+03 
       3.986379111697e-04       1.515033850159e+03 
       4.286728035099e-04       1.624307904477e+03 
       4.608415407949e-04       1.740857154277e+03 
       4.953684324308e-04       1.865400659953e+03 
       5.324926714982e-04       1.998690850009e+03 
       5.724659129432e-04       2.141501454203e+03 
       6.155484409467e-04       2.294610237479e+03 
       6.620037148827e-04       2.458776083696e+03 
       7.120911995211e-04       2.634710241415e+03 
       7.660575789499e-04       2.823042643620e+03 
       8.241267204753e-04       3.024284913502e+03 
       8.864890628833e-04       3.238792946560e+03 
       9.532913896528e-04       3.466732675499e+03 
       1.024628125546e-03       3.708053342306e+03 
       1.100535280364e-03       3.962472289969e+03 
       1.180987911664e-03       4.229473829079e+03 
       1.265901514724e-03       4.508323571488e+03 
       1.355137174156e-03       4.798096413042e+03 
       1.448509772705e-03       5.097715376614e+03 
       1.545798183006e-03       5.405995976314e+03 
       1.646756239881e-03       5.721692033185e+03 
       1.751123395820e-03       6.043537352924e+03 
       1.858634228955e-03       6.370282215280e+03 
       1.969026304546e-03       6.700721844771e+03 
       2.082046203730e-03       7.033717597975e+03 
       2.197453775268e-03       7.368211039636e+03 
       2.315024820245e-03       7.703231634728e+03 
       2.434552493764e-03       8.037899506954e+03 
       2.555847721782e-03       8.371457152100e+03 
       2.678738907620e-03       8.703186807125e+03 
       2.803071160163e-03       9.032453561175e+03 
       2.928705227710e-03       9.358709166376e+03 
       3.055516275761e-03       9.681473855026e+03 
       3.183392607801e-03       1.000032979638e+04 
       3.312234396542e-03       1.031491489572e+04 
       3.441952468942e-03       1.062491695946e+04 
       3.572467170570e-03       1.093006839697e+04 
       3.703707322365e-03       1.123014159548e+04 
       3.835609274266e-03       1.152494442211e+04 
       3.968116054663e-03       1.181431660839e+04 
       4.101176611183e-03       1.209812617549e+04 
       4.234745136359e-03       1.237626668049e+04 
       4.368780470878e-03       1.264865426972e+04 
       4.503245576768e-03       1.291522545521e+04 
       4.638107073127e-03       1.317593481703e+04 
       4.773334827345e-03       1.343075296162e+04 
       4.908901595360e-03       1.367966524997e+04 
       5.044782705062e-03       1.392266967972e+04 
       5.180955777582e-03       1.415977490541e+04 
       5.317400481781e-03       1.439100041024e+04 
       5.454098317813e-03       1.461637443295e+04 
       5.591032426126e-03       1.483593235239e+04 
       5.728187418715e-03       1.504971580745e+04 
       5.865549229868e-03       1.525777673739e+04 
       6.003104983955e-03       1.546017339629e+04 
       6.140842878178e-03       1.565695745414e+04 
       6.278752078414e-03       1.584820103095e+04 
       6.416822626581e-03       1.603397080505e+04 
       6.555045358107e-03       1.621434393241e+04 
       6.693411828305e-03       1.638938285025e+04 
       6.831914246593e-03       1.655918091397e+04 
       6.970545417626e-03       1.672380854457e+04 
       7.109298688547e-03       1.688334857899e+04 
       7.248167901650e-03       1.703788466853e+04 
       7.387147351823e-03       1.718750093671e+04 
       7.526231748259e-03       1.733228191472e+04 
       7.665416179937e-03       1.747231224875e+04 
       7.804696084460e-03       1.760767608810e+04 
       7.944067219907e-03       1.773846227679e+04 
       8.083525639338e-03       1.786475265614e+04 
       8.223067667704e-03       1.798663574006e+04 
       8.362689880892e-03       1.810419486371e+04 
       8.502389086682e-03       1.821751549738e+04 
       8.642162307429e-03       1.832667850227e+04 
       8.782006764290e-03       1.843176901467e+04 
       8.921919862843e-03       1.853286811303e+04 
       9.061899179957e-03       1.863005851908e+04 
       9.201942451795e-03       1.872341892572e+04 
       9.342047562837e-03       1.881302861602e+04 
       9.482212535833e-03       1.889896418785e+04 
       9.622435522582e-03       1.898130319010e+04 
       9.762714795484e-03       1.906011964895e+04 
       9.903048739768e-03       1.913548747429e+04 
       1.004343584636e-02       1.920747910292e+04 
       1.018387470530e-02       1.927616379538e+04 
       1.032436399971e-02       1.934161370454e+04 
       1.046490250022e-02       1.940389371249e+04 
       1.060548905979e-02       1.946307302162e+04 
       1.074612260902e-02       1.951921441336e+04 
       1.088680215171e-02       1.957238450589e+04 
       1.102752676084e-02       1.962264452577e+04 
       1.116829557482e-02       1.967005595693e+04 
       1.130910779400e-02       1.971467895253e+04 
       1.144996267749e-02       1.975657118259e+04 
       1.159085954016e-02       1.979579052611e+04 
       1.173179774988e-02       1.983239260541e+04 
       1.187277672498e-02       1.986643096179e+04 
       1.201379593187e-02       1.989795962164e+04 
       1.215485488285e-02       1.992702970320e+04 
       1.229595313403e-02       1.995369262161e+04 
       1.243709028349e-02       1.997799788229e+04 
       1.257826596949e-02       1.999999285115e+04 
       1.271947986882e-02       2.001972748334e+04 
       1.286073169535e-02       2.003724758764e+04 
       1.300202119852e-02       2.005259734351e+04 
       1.314334816213e-02       2.006582232183e+04 
       1.328471240309e-02       2.007696759135e+04 
       1.342611377027e-02       2.008607631666e+04 
       1.356755214352e-02       2.009318961063e+04 
       1.370902743265e-02       2.009834790161e+04 
       1.385053957655e-02       2.010158950171e+04 
       1.399208854242e-02       2.010295345814e+04 
       1.413367432490e-02       2.010247647169e+04 
       1.427529694549e-02       2.010019712511e+04 
       1.441695645179e-02       2.009615255023e+04 
       1.455865291700e-02       2.009037718218e+04 
       1.470038643932e-02       2.008290854099e+04 
       1.484215714145e-02       2.007377877776e+04 
       1.498396517018e-02       2.006302378723e+04 
       1.512581069591e-02       2.005067567064e+04 
       1.526769391237e-02       2.003676679718e+04 
       1.540961503617e-02       2.002132931550e+04 
       1.555157430661e-02       2.000439249527e+04 
       1.569357198533e-02       1.998598925394e+04 
       1.583560835612e-02       1.996614841496e+04 
       1.597768372471e-02       1.994489997016e+04 
       1.611979841861e-02       1.992227140236e+04 
       1.626195278690e-02       1.989829287818e+04 
       1.640414720020e-02       1.987299107814e+04 
       1.654638205052e-02       1.984639128020e+04 
       1.668865775120e-02       1.981852268038e+04 
       1.683097473691e-02       1.978941068505e+04 
       1.697333346354e-02       1.975908132242e+04 
       1.711573440830e-02       1.972755738132e+04 
       1.725817806968e-02       1.969486585241e+04 
       1.740066496752e-02       1.966102893079e+04 
       1.754319564307e-02       1.962607377318e+04 
       1.768577065907e-02       1.959001956730e+04 
       1.782839059988e-02       1.955289054995e+04 
       1.797105607156e-02       1.951470949676e+04 
       1.811376770207e-02       1.947549791041e+04 
       1.825652614137e-02       1.943527771360e+04 
       1.839933206167e-02       1.939407095199e+04 
       1.854218615755e-02       1.935189661770e+04 
       1.868508914623e-02       1.930877742360e+04 
       1.882804176781e-02       1.926473128231e+04 
       1.897104478548e-02       1.921977949136e+04 
       1.911409898580e-02       1.917393975105e+04 
       1.925720517901e-02       1.912723180283e+04 
       1.940036419931e-02       1.907967667954e+04 
       1.954357690519e-02       1.903129049788e+04 
       1.968684417975e-02       1.898209379590e+04 
       1.983016693109e-02       1.893210197889e+04 
       1.997354609263e-02       1.888133431088e+04 
       2.011698262353e-02       1.882980780022e+04 
       2.026047750912e-02       1.877754116346e+04 
       2.040403176127e-02       1.872454934006e+04 
       2.054764641886e-02       1.867085153436e+04 
       2.069132254824e-02       1.861646379323e+04 
       2.083506124371e-02       1.856140373900e+04 
       2.097886362800e-02       1.850568620826e+04 
       2.112273085280e-02       1.844932816297e+04 
       2.126666409929e-02       1.839234522822e+04 
       2.141066457868e-02       1.833475491025e+04 
       2.155473353281e-02       1.827657320648e+04 
       2.169887223469e-02       1.821781259433e+04 
       2.184308198920e-02       1.815849327314e+04 
       2.198736413362e-02       1.809862814840e+04 
       2.213172003837e-02       1.803823427196e+04 
       2.227615110763e-02       1.797732624725e+04 
       2.242065878006e-02       1.791591855446e+04 
       2.256524452953e-02       1.785402566057e+04 
       2.270990986584e-02       1.779166935196e+04 
       2.285465633551e-02       1.772885518631e+04 
       2.299948552257e-02       1.766560504077e+04 
       2.314439904934e-02       1.760193083550e+04 
       2.328939857733e-02       1.753784765408e+04 
       2.343448580806e-02       1.747336916514e+04 
       2.357966248400e-02       1.740851225440e+04 
       2.372493038945e-02       1.734329075812e+04 
       2.387029135151e-02       1.727771717261e+04 
       2.401574724107e-02       1.721180598410e+04 
       2.416129997382e-02       1.714557330068e+04 
       2.430695151128e-02       1.707902945417e+04 
       2.445270386188e-02       1.701219115494e+04 
       2.459855908209e-02       1.694507298894e+04 
       2.474451927753e-02       1.687768417918e+04 
       2.489058660417e-02       1.681003950503e+04 
       2.503676326952e-02       1.674215266610e+04 
       2.518305153391e-02       1.667403695532e+04 
       2.532945371179e-02       1.660570375532e+04 
       2.547597217300e-02       1.653716618476e+04 
       2.562260934423e-02       1.646843591426e+04 
       2.576936771034e-02       1.639952472220e+04 
       2.591624981590e-02       1.633044519023e+04 
       2.606325826667e-02       1.626120585963e+04 
       2.621039573111e-02       1.619182336405e+04 
       2.635766494206e-02       1.612230372663e+04 
       2.650506869833e-02       1.605265887418e+04 
       2.665260986643e-02       1.598290101464e+04 
       2.680029138234e-02       1.591303857129e+04 
       2.694811625331e-02       1.584308083714e+04 
       2.709608755975e-02       1.577303864876e+04 
       2.724420845716e-02       1.570292203706e+04 
       2.739248217811e-02       1.563273868445e+04 
       2.754091203436e-02       1.556249656201e+04 
       2.768950141894e-02       1.549220732986e+04 
       2.783825380839e-02       1.542187585055e+04 
       2.798717276503e-02       1.535151185576e+04 
       2.813626193929e-02       1.528112196978e+04 
       2.828552507219e-02       1.521071691433e+04 
       2.843496599782e-02       1.514030042885e+04 
       2.858458864595e-02       1.506988054106e+04 
       2.873439704477e-02       1.499946475522e+04 
       2.888439532357e-02       1.492905710781e+04 
       2.903458771576e-02       1.485866844992e+04 
       2.918497856172e-02       1.478830034310e+04 
       2.933557231199e-02       1.471795967945e+04 
       2.948637353041e-02       1.464765499870e+04 
       2.963738689745e-02       1.457738792525e+04 
       2.978861721366e-02       1.450716656018e+04 
       2.994006940319e-02       1.443699502895e+04 
       3.009174851749e-02       1.436687904355e+04 
       3.024365973913e-02       1.429681819536e+04 
       3.039580838579e-02       1.422682503192e+04 
       3.054819991431e-02       1.415689959897e+04 
       3.070083992499e-02       1.408705156333e+04 
       3.085373416602e-02       1.401727497148e+04 
       3.100688853805e-02       1.394757929455e+04 
       3.116030909896e-02       1.387796664600e+04 
       3.131400206883e-02       1.380845224758e+04 
       3.146797383506e-02       1.373902480499e+04 
       3.162223095773e-02       1.366969533363e+04 
       3.177678017517e-02       1.360046615556e+04 
       3.193162840970e-02       1.353134149038e+04 
       3.208678277367e-02       1.346232569709e+04 
       3.224225057573e-02       1.339341891415e+04 
       3.239803932729e-02       1.332462365804e+04 
       3.255415674933e-02       1.325595221045e+04 
       3.271061077945e-02       1.318740456570e+04 
       3.286740957923e-02       1.311896896620e+04 
       3.302456154187e-02       1.305066698041e+04 
       3.318207530021e-02       1.298249370091e+04 
       3.333995973504e-02       1.291447704485e+04 
       3.349822398379e-02       1.284655377557e+04 
       3.365687744962e-02       1.277879090123e+04 
       3.381592981088e-02       1.271115741264e+04 
       3.397539103097e-02       1.264369511649e+04 
       3.413527136875e-02       1.257637048393e+04 
       3.429558138925e-02       1.250919557921e+04 
       3.445633197505e-02       1.244217332856e+04 
       3.461753433803e-02       1.237531005485e+04 
       3.477920003175e-02       1.230859893010e+04 
       3.494134096444e-02       1.224205459394e+04 
       3.510396941249e-02       1.217567225320e+04 
       3.526709803469e-02       1.210945690576e+04 
       3.543073988712e-02       1.204341027830e+04 
       3.559490843876e-02       1.197753285647e+04 
       3.575961758788e-02       1.191182957140e+04 
       3.592488167924e-02       1.184630055242e+04 
       3.609071552216e-02       1.178095048043e+04 
       3.625713440948e-02       1.171577666943e+04 
       3.642415413751e-02       1.165078439441e+04 
       3.659179102706e-02       1.158597484845e+04 
       3.676006194546e-02       1.152134890817e+04 
       3.692898432985e-02       1.145690568487e+04 
       3.709857621164e-02       1.139265573976e+04 
       3.726885624237e-02       1.132859068315e+04 
       3.743984372084e-02       1.126471415535e+04 
       3.761155862192e-02       1.120102695233e+04 
       3.778402162682e-02       1.113753395173e+04 
       3.795725415511e-02       1.107423052553e+04 
       3.813127839861e-02       1.101112066213e+04 
       3.830611735715e-02       1.094821823211e+04 
       3.848179487650e-02       1.088548099759e+04 
       3.865833568845e-02       1.082295221943e+04 
       3.883576545338e-02       1.076061613267e+04 
       3.901411080529e-02       1.069847533838e+04 
       3.919339939965e-02       1.063652911348e+04 
       3.937365996421e-02       1.057477383299e+04 
       3.955492235296e-02       1.051321273951e+04 
       3.973721760349e-02       1.045184481606e+04 
       3.992057799809e-02       1.039066836386e+04 
       4.010503712876e-02       1.032968304028e+04 
       4.029062996651e-02       1.026888731471e+04 
       4.047739293529e-02       1.020828183799e+04 
       4.066536399090e-02       1.014786243794e+04 
       4.085458270527e-02       1.008762995579e+04 
       4.104509035659e-02       1.002758158405e+04 
       4.123693002583e-02       9.967716579579e+03 
       4.143014670000e-02       9.908032111720e+03 
       4.162478738298e-02       9.848525207513e+03 
       4.182090121440e-02       9.789192926055e+03 
       4.201853959734e-02       9.730041706797e+03 
       4.221775633566e-02       9.671058456974e+03 
       4.241860778184e-02       9.612246028067e+03 
       4.262115299620e-02       9.553593839602e+03 
       4.282545391873e-02       9.495109146933e+03 
       4.303157555460e-02       9.436782802444e+03 
       4.323958617473e-02       9.378613774946e+03 
       4.344955753282e-02       9.320595875763e+03 
       4.366156510068e-02       9.262724617959e+03 
       4.387568832338e-02       9.204994603638e+03 
       4.409201089662e-02       9.147407536773e+03 
       4.431062106831e-02       9.089956333299e+03 
       4.453161196721e-02       9.032639611416e+03 
       4.475508196139e-02       8.975449141100e+03 
       4.498113504973e-02       8.918357474890e+03 
       4.520988129040e-02       8.861389820638e+03 
       4.544143727020e-02       8.804533370971e+03 
       4.567592661979e-02       8.747772525596e+03 
       4.591348057996e-02       8.691110609341e+03 
       4.615423862525e-02       8.634531849403e+03 
       4.639834915182e-02       8.578024558753e+03 
       4.664597023767e-02       8.521600954351e+03 
       4.689727048422e-02       8.465227447318e+03 
       4.715242995001e-02       8.408923009098e+03 
       4.741164118855e-02       8.352659064771e+03 
       4.767511040433e-02       8.296422414158e+03 
       4.794305874337e-02       8.240192436230e+03 
       4.821572373710e-02       8.184004331014e+03 
       4.849336092154e-02       8.127788838729e+03 
       4.877624565771e-02       8.071569389671e+03 
       4.906467518305e-02       8.015349497485e+03 
       4.935897092966e-02       7.959059278255e+03 
       4.965948115084e-02       7.902740459320e+03 
       4.996658390560e-02       7.846349179750e+03 
       5.028069045992e-02       7.789845088506e+03 
       5.060224917470e-02       7.733262586333e+03 
       5.093174996444e-02       7.676545995457e+03 
       5.126972942734e-02       7.619720483296e+03 
       5.161677676840e-02       7.562716647443e+03 
       5.197354066272e-02       7.505508584995e+03 
       5.234073723810e-02       7.448108545094e+03 
       5.271915939561e-02       7.390469649683e+03 
       5.310968773643e-02       7.332542755802e+03 
       5.351330342555e-02       7.274326274638e+03 
       5.393110340124e-02       7.215758915071e+03 
       5.436431843882e-02       7.156791326264e+03 
       5.481433470280e-02       7.097389951883e+03 
       5.528271958222e-02       7.037485544088e+03 
       5.577125280816e-02       6.976994016980e+03 
       5.628196411276e-02       6.915876888947e+03 
       5.681717902078e-02       6.853987912862e+03 
       5.737957478409e-02       6.791267426662e+03 
       5.797224899611e-02       6.727537380401e+03 
       5.859880407127e-02       6.662668344410e+03 
       5.926345154941e-02       6.596462546825e+03 
       5.997114105768e-02       6.528709911111e+03 
       6.072771963492e-02       6.459106116105e+03 
       6.154012774431e-02       6.387323233715e+03 
       6.241663811063e-02       6.312931064014e+03 
       6.336714136445e-02       6.235381236329e+03 
       6.440347608749e-02       6.153947553906e+03 
       6.553978602143e-02       6.067690315393e+03 
       6.679285666541e-02       5.975344778230e+03 
       6.818232624823e-02       5.875211166489e+03 
       6.973056976171e-02       5.765010078178e+03 
       7.146191826425e-02       5.641778495128e+03 
       7.340074503186e-02       5.501808361629e+03 
       7.556798329767e-02       5.340844472517e+03 
       7.797613892407e-02       5.154724931251e+03 
       8.062404937481e-02       4.940571787515e+03 
       8.349399910996e-02       4.698133960443e+03 
       8.655370016841e-02       4.430923124081e+03 
       8.976300012808e-02       4.146734689255e+03 
       9.308198903495e-02       3.856537287670e+03 
       9.647679233666e-02       3.572079261624e+03 
       9.992173545888e-02       3.304004715593e+03 
       1.033988329734e-01       3.060662642572e+03 
       1.068961338526e-01       2.847452205510e+03 
       1.104059643962e-01       2.666615776884e+03 
       1.139235031877e-01       2.517593533708e+03 
       1.174457615784e-01       2.397776606166e+03 
       1.209709023028e-01       2.302931694997e+03 
       1.244978015568e-01       2.227692632842e+03 
       1.280257739702e-01       2.166240369486e+03 
       1.315544022444e-01       2.112788851333e+03 
       1.350834324930e-01       2.061986541843e+03 
       1.386127102665e-01       2.009308356085e+03 
       1.421421415626e-01       1.951494841097e+03 
       1.456716691063e-01       1.886730844157e+03 
       1.492012579361e-01       1.814602525060e+03 
       1.527308866482e-01       1.736032360628e+03 
       1.562605420820e-01       1.652996659377e+03 
       1.597902160919e-01       1.568090952127e+03 
       1.633199035886e-01       1.484101453812e+03 
       1.668496013484e-01       1.403685254883e+03 
       1.703793072904e-01       1.329085106224e+03 
       1.739090200366e-01       1.261908538133e+03 
       1.774387386445e-01       1.203068140499e+03 
       1.809684624436e-01       1.152816909522e+03 
       1.844981909359e-01       1.110778435999e+03 
       1.880279237345e-01       1.076056444987e+03 
       1.915576605263e-01       1.047380771304e+03 
       1.950874010479e-01       1.023265966848e+03 
       1.986171450719e-01       1.002152981449e+03 
       2.021468923967e-01       9.827361401725e+02 
       2.056766428409e-01       9.633667078088e+02 
       2.092063962393e-01       9.429074257339e+02 
       2.127361524399e-01       9.205720308867e+02 
       2.162659113021e-01       8.959929103212e+02 
       2.197956726953e-01       8.692256598148e+02 
       2.233254364977e-01       8.406750971852e+02 
       2.268552025955e-01       8.109765621591e+02 
       2.303849708821e-01       7.808922275720e+02 
       2.339147412574e-01       7.511915827440e+02 
       2.374445136276e-01       7.225649203496e+02 
       2.409742879042e-01       6.955860906836e+02 
       2.445040640041e-01       6.706912505995e+02 
       2.480338418488e-01       6.481611253855e+02 
       2.515636213643e-01       6.281064470884e+02 
       2.550934024809e-01       6.104771043627e+02 
       2.586231851325e-01       5.950704736172e+02 
       2.621529692566e-01       5.815473404830e+02 
       2.656827547943e-01       5.694808904452e+02 
       2.692125416895e-01       5.584090205764e+02 
       2.727423298892e-01       5.478851462918e+02 
       2.762721193431e-01       5.375131785225e+02 
       2.798019100034e-01       5.269848849505e+02 
       2.833317018247e-01       5.160883774855e+02 
       2.868614947640e-01       5.047057018641e+02 
       2.903912887802e-01       4.928092929140e+02 
       2.939210838342e-01       4.804590807332e+02 
       2.974508798890e-01       4.677890580481e+02 
       3.009806769091e-01       4.549898601509e+02 
       3.045104748607e-01       4.422832079229e+02 
       3.080402737117e-01       4.298993037632e+02 
       3.115700734312e-01       4.180385849377e+02 
       3.150998739900e-01       4.068498335140e+02 
       3.186296753600e-01       3.964233669636e+02 
       3.221594775144e-01       3.867898022340e+02 
       3.256892804275e-01       3.779266620511e+02 
       3.292190840748e-01       3.697754016682e+02 
       3.327488884329e-01       3.622520593709e+02 
       3.362786934792e-01       3.552521493808e+02 
       3.398084991921e-01       3.486587122549e+02 
       3.433383055511e-01       3.423476246675e+02 
       3.468681125362e-01       3.361994522763e+02 
       3.503979201285e-01       3.301075136163e+02 
       3.539277283098e-01       3.239910761963e+02 
       3.574575370623e-01       3.178044577965e+02 
       3.609873463694e-01       3.115348647741e+02 
       3.645171562149e-01       3.051980762987e+02 
       3.680469665831e-01       2.988293699541e+02 
       3.715767774592e-01       2.924782233721e+02 
       3.751065888287e-01       2.861943635829e+02 
       3.786364006777e-01       2.800296638162e+02 
       3.821662129929e-01       2.740329774090e+02 
       3.856960257614e-01       2.682489548709e+02 
       3.892258389709e-01       2.627144968774e+02 
       3.927556526094e-01       2.574507249525e+02 
       3.962854666654e-01       2.524656449721e+02 
       3.998152811278e-01       2.477486396826e+02 
       4.033450959858e-01       2.432724136883e+02 
       4.068749112292e-01       2.390019618553e+02 
       4.104047268479e-01       2.348983464822e+02 
       4.139345428324e-01       2.309259766408e+02 
       4.174643591732e-01       2.270548284702e+02 
       4.209941758614e-01       2.232599629138e+02 
       4.245239928882e-01       2.195218767902e+02 
       4.280538102454e-01       2.158238456106e+02 
       4.315836279247e-01       2.121544927206e+02 
       4.351134459182e-01       2.085072646789e+02 
       4.386432642184e-01       2.048844007764e+02 
       4.421730828179e-01       2.012942206487e+02 
       4.457029017094e-01       1.977507094423e+02 
       4.492327208863e-01       1.942697121179e+02 
       4.527625403416e-01       1.908655597398e+02 
       4.562923600690e-01       1.875472059133e+02 
       4.598221800621e-01       1.843212666086e+02 
       4.633520003148e-01       1.811917384033e+02 
       4.668818208213e-01       1.781595814323e+02 
       4.704116415758e-01       1.752255141813e+02 
       4.739414625728e-01       1.723904429512e+02 
       4.774712838068e-01       1.696513199281e+02 
       4.810011052726e-01       1.670018872303e+02 
       4.845309269651e-01       1.644326333983e+02 
       4.880607488794e-01       1.619311574295e+02 
       4.915905710108e-01       1.594856602735e+02 
       4.951203933544e-01       1.570858057613e+02 
       4.986502159058e-01       1.547247749659e+02 
       5.021800386607e-01       1.523990012433e+02 
       5.057098616147e-01       1.501064460231e+02 
       5.092396847637e-01       1.478462751756e+02 
       5.127695081036e-01       1.456170163433e+02 
       5.162993316306e-01       1.434184725346e+02 
       5.198291553407e-01       1.412514996403e+02 
       5.233589792303e-01       1.391189058280e+02 
       5.268888032958e-01       1.370264241343e+02 
       5.304186275335e-01       1.349785451303e+02 
       5.339484519402e-01       1.329801105091e+02 
       5.374782765125e-01       1.310329576102e+02 
       5.410081012470e-01       1.291366342873e+02 
       5.445379261407e-01       1.272883815889e+02 
       5.480677511905e-01       1.254850188503e+02 
       5.515975763933e-01       1.237237221760e+02 
       5.551274017462e-01       1.220020877408e+02 
       5.586572272464e-01       1.203187263298e+02 
       5.621870528911e-01       1.186713015957e+02 
       5.657168786776e-01       1.170567084726e+02 
       5.692467046032e-01       1.154714880129e+02 
       5.727765306654e-01       1.139118994604e+02 
       5.763063568616e-01       1.123760285137e+02 
       6.013751784838e-01       1.021578621668e+02 
       6.289467001742e-01       9.236755870968e+01 
       6.596979687872e-01       8.297798296268e+01 
       6.946296599460e-01       7.380627976171e+01 
       7.352976292708e-01       6.484596305764e+01 
       7.842770710978e-01       5.593563190863e+01 
       8.461692310324e-01       4.695012315338e+01 
       9.299471756978e-01       3.770318448991e+01 
       1.054370889753e+00       2.808314379637e+01 
       1.255156726148e+00       1.856710041534e+01 
       1.562130009674e+00       1.096332379452e+01 
       1.965639893852e+00       6.253260074625e+00 
       2.474583044632e+00       3.535377325155e+00 
       3.115315456245e+00       1.984954366650e+00 
       3.921949793616e+00       1.107446829550e+00 
       4.937442258964e+00       6.143150940654e-01 
