# Matter power spectrum P(k) at redshift z=0
# for k=1.06258e-05 to 4.93744 h/Mpc,
# number of wavenumbers equal to 541
#    1:k (h/Mpc)              2:P (Mpc/h)^3        
       1.062576367506e-05       4.576924844744e+01 
       2.477342613381e-05       1.037239176500e+02 
       3.897834212793e-05       1.607357483092e+02 
       5.328663042570e-05       2.174423455584e+02 
       6.774529933058e-05       2.742164989676e+02 
       8.240275192580e-05       3.313469908135e+02 
       9.730931017152e-05       3.890881579727e+02 
       1.125177661467e-04       4.476803150501e+02 
       1.280839687759e-04       5.073605447851e+02 
       1.440674544074e-04       5.683695094312e+02 
       1.605321295279e-04       6.309565000282e+02 
       1.775470136018e-04       6.953836124949e+02 
       1.951870493360e-04       7.619295369728e+02 
       2.135339863773e-04       8.308931798087e+02 
       2.326773422361e-04       9.025972592219e+02 
       2.527154406738e-04       9.773919286008e+02 
       2.737565223589e-04       1.055658439074e+03 
       2.959199145850e-04       1.137812782724e+03 
       3.193372354188e-04       1.224309236841e+03 
       3.441535918484e-04       1.315643622177e+03 
       3.705287103680e-04       1.412356037965e+03 
       3.986379111697e-04       1.515032709702e+03 
       4.286728035099e-04       1.624306488814e+03 
       4.608415407949e-04       1.740855399921e+03 
       4.953684324308e-04       1.865398489098e+03 
       5.324926714982e-04       1.998688163066e+03 
       5.724659129432e-04       2.141498121976e+03 
       6.155484409467e-04       2.294606112369e+03 
       6.620037148827e-04       2.458770969724e+03 
       7.120911995211e-04       2.634703896491e+03 
       7.660575789499e-04       2.823034775946e+03 
       8.241267204753e-04       3.024275170274e+03 
       8.864890628833e-04       3.238780872381e+03 
       9.532913896528e-04       3.466717718345e+03 
       1.024628125546e-03       3.708034867124e+03 
       1.100535280364e-03       3.962449512754e+03 
       1.180987911664e-03       4.229445866008e+03 
       1.265901514724e-03       4.508289324161e+03 
       1.355137174156e-03       4.798054677663e+03 
       1.448509772705e-03       5.097664709750e+03 
       1.545798183006e-03       5.405934874277e+03 
       1.646756239881e-03       5.721618661318e+03 
       1.751123395820e-03       6.043449802107e+03 
       1.858634228955e-03       6.370178341322e+03 
       1.969026304546e-03       6.700599345447e+03 
       2.082046203730e-03       7.033574014274e+03 
       2.197453775268e-03       7.368043718057e+03 
       2.315024820245e-03       7.703037768415e+03 
       2.434552493764e-03       8.037676141996e+03 
       2.555847721782e-03       8.371201175727e+03 
       2.678738907620e-03       8.702895000032e+03 
       2.803071160163e-03       9.032122556841e+03 
       2.928705227710e-03       9.358335501716e+03 
       3.055516275761e-03       9.681053957811e+03 
       3.183392607801e-03       9.999860007430e+03 
       3.312234396542e-03       1.031439144913e+04 
       3.441952468942e-03       1.062433603482e+04 
       3.572467170570e-03       1.092942612454e+04 
       3.703707322365e-03       1.122943396212e+04 
       3.835609274266e-03       1.152416745574e+04 
       3.968116054663e-03       1.181346628713e+04 
       4.101176611183e-03       1.209719846349e+04 
       4.234745136359e-03       1.237525744816e+04 
       4.368780470878e-03       1.264755939461e+04 
       4.503245576768e-03       1.291404078712e+04 
       4.638107073127e-03       1.317465625464e+04 
       4.773334827345e-03       1.342937639633e+04 
       4.908901595360e-03       1.367817597536e+04 
       5.044782705062e-03       1.392104880018e+04 
       5.180955777582e-03       1.415804414305e+04 
       5.317400481781e-03       1.438916749525e+04 
       5.454098317813e-03       1.461443016971e+04 
       5.591032426126e-03       1.483386900568e+04 
       5.728187418715e-03       1.504752875776e+04 
       5.865549229868e-03       1.525546580904e+04 
       6.003104983955e-03       1.545772730288e+04 
       6.140842878178e-03       1.565437634574e+04 
       6.278752078414e-03       1.584546034947e+04 
       6.416822626581e-03       1.603108948088e+04 
       6.555045358107e-03       1.621132378431e+04 
       6.693411828305e-03       1.638621411384e+04 
       6.831914246593e-03       1.655585282515e+04 
       6.970545417626e-03       1.672031981732e+04 
       7.109298688547e-03       1.687969591675e+04 
       7.248167901650e-03       1.703406523234e+04 
       7.387147351823e-03       1.718351115240e+04 
       7.526231748259e-03       1.732811781384e+04 
       7.665416179937e-03       1.746797128884e+04 
       7.804696084460e-03       1.760315715590e+04 
       7.944067219907e-03       1.773375997210e+04 
       8.083525639338e-03       1.785986574777e+04 
       8.223067667704e-03       1.798156041081e+04 
       8.362689880892e-03       1.809892763896e+04 
       8.502389086682e-03       1.821205181447e+04 
       8.642162307429e-03       1.832101833613e+04 
       8.782006764290e-03       1.842590946898e+04 
       8.921919862843e-03       1.852680735345e+04 
       9.061899179957e-03       1.862379333169e+04 
       9.201942451795e-03       1.871694757004e+04 
       9.342047562837e-03       1.880634860826e+04 
       9.482212535833e-03       1.889207442667e+04 
       9.622435522582e-03       1.897420094553e+04 
       9.762714795484e-03       1.905280351286e+04 
       9.903048739768e-03       1.912795548121e+04 
       1.004343584636e-02       1.919972900151e+04 
       1.018387470530e-02       1.926819528710e+04 
       1.032436399971e-02       1.933342343727e+04 
       1.046490250022e-02       1.939548178105e+04 
       1.060548905979e-02       1.945443721361e+04 
       1.074612260902e-02       1.951035479460e+04 
       1.088680215171e-02       1.956329925427e+04 
       1.102752676084e-02       1.961333245933e+04 
       1.116829557482e-02       1.966051647468e+04 
       1.130910779400e-02       1.970491119485e+04 
       1.144996267749e-02       1.974657629678e+04 
       1.159085954016e-02       1.978556446915e+04 
       1.173179774988e-02       1.982193763983e+04 
       1.187277672498e-02       1.985574399674e+04 
       1.201379593187e-02       1.988704291850e+04 
       1.215485488285e-02       1.991588026064e+04 
       1.229595313403e-02       1.994231164820e+04 
       1.243709028349e-02       1.996638657102e+04 
       1.257826596949e-02       1.998814932731e+04 
       1.271947986882e-02       2.000765282081e+04 
       1.286073169535e-02       2.002494029327e+04 
       1.300202119852e-02       2.004005650188e+04 
       1.314334816213e-02       2.005305071091e+04 
       1.328471240309e-02       2.006396452453e+04 
       1.342611377027e-02       2.007284280560e+04 
       1.356755214352e-02       2.007972548852e+04 
       1.370902743265e-02       2.008465253313e+04 
       1.385053957655e-02       2.008766447167e+04 
       1.399208854242e-02       2.008879862794e+04 
       1.413367432490e-02       2.008809284568e+04 
       1.427529694549e-02       2.008558420952e+04 
       1.441695645179e-02       2.008131222890e+04 
       1.455865291700e-02       2.007530967615e+04 
       1.470038643932e-02       2.006761409672e+04 
       1.484215714145e-02       2.005825998368e+04 
       1.498396517018e-02       2.004727834158e+04 
       1.512581069591e-02       2.003470714658e+04 
       1.526769391237e-02       2.002057330600e+04 
       1.540961503617e-02       2.000491356711e+04 
       1.555157430661e-02       1.998775747092e+04 
       1.569357198533e-02       1.996913206138e+04 
       1.583560835612e-02       1.994907298256e+04 
       1.597768372471e-02       1.992760453051e+04 
       1.611979841861e-02       1.990475858159e+04 
       1.626195278690e-02       1.988056306989e+04 
       1.640414720020e-02       1.985504557726e+04 
       1.654638205052e-02       1.982823127032e+04 
       1.668865775120e-02       1.980015065041e+04 
       1.683097473691e-02       1.977082640662e+04 
       1.697333346354e-02       1.974028545527e+04 
       1.711573440830e-02       1.970855674565e+04 
       1.725817806968e-02       1.967565395327e+04 
       1.740066496752e-02       1.964161126334e+04 
       1.754319564307e-02       1.960645037257e+04 
       1.768577065907e-02       1.957019340444e+04 
       1.782839059988e-02       1.953286330767e+04 
       1.797105607156e-02       1.949448273506e+04 
       1.811376770207e-02       1.945507305411e+04 
       1.825652614137e-02       1.941465667411e+04 
       1.839933206167e-02       1.937325627745e+04 
       1.854218615755e-02       1.933088928314e+04 
       1.868508914623e-02       1.928757795158e+04 
       1.882804176781e-02       1.924334385189e+04 
       1.897104478548e-02       1.919820581759e+04 
       1.911409898580e-02       1.915218228778e+04 
       1.925720517901e-02       1.910529430592e+04 
       1.940036419931e-02       1.905755941336e+04 
       1.954357690519e-02       1.900899609924e+04 
       1.968684417975e-02       1.895962386739e+04 
       1.983016693109e-02       1.890946009519e+04 
       1.997354609263e-02       1.885852402769e+04 
       2.011698262353e-02       1.880682927887e+04 
       2.026047750912e-02       1.875439874560e+04 
       2.040403176127e-02       1.870124659738e+04 
       2.054764641886e-02       1.864738961440e+04 
       2.069132254824e-02       1.859284587767e+04 
       2.083506124371e-02       1.853763284759e+04 
       2.097886362800e-02       1.848176367543e+04 
       2.112273085280e-02       1.842525826692e+04 
       2.126666409929e-02       1.836813009202e+04 
       2.141066457868e-02       1.831039782127e+04 
       2.155473353281e-02       1.825207673354e+04 
       2.169887223469e-02       1.819317987871e+04 
       2.184308198920e-02       1.813372640108e+04 
       2.198736413362e-02       1.807373002764e+04 
       2.213172003837e-02       1.801320819653e+04 
       2.227615110763e-02       1.795217445662e+04 
       2.242065878006e-02       1.789064352395e+04 
       2.256524452953e-02       1.782863057722e+04 
       2.270990986584e-02       1.776615633565e+04 
       2.285465633551e-02       1.770322697369e+04 
       2.299948552257e-02       1.763986317281e+04 
       2.314439904934e-02       1.757607736742e+04 
       2.328939857733e-02       1.751188538445e+04 
       2.343448580806e-02       1.744730004272e+04 
       2.357966248400e-02       1.738233794583e+04 
       2.372493038945e-02       1.731701344267e+04 
       2.387029135151e-02       1.725133796929e+04 
       2.401574724107e-02       1.718532848747e+04 
       2.416129997382e-02       1.711899816169e+04 
       2.430695151128e-02       1.705235869334e+04 
       2.445270386188e-02       1.698542554587e+04 
       2.459855908209e-02       1.691821361807e+04 
       2.474451927753e-02       1.685073386947e+04 
       2.489058660417e-02       1.678299935737e+04 
       2.503676326952e-02       1.671502359055e+04 
       2.518305153391e-02       1.664681988854e+04 
       2.532945371179e-02       1.657840063821e+04 
       2.547597217300e-02       1.650977761278e+04 
       2.562260934423e-02       1.644096425039e+04 
       2.576936771034e-02       1.637196897834e+04 
       2.591624981590e-02       1.630280785671e+04 
       2.606325826667e-02       1.623348923993e+04 
       2.621039573111e-02       1.616402610946e+04 
       2.635766494206e-02       1.609442848729e+04 
       2.650506869833e-02       1.602470810038e+04 
       2.665260986643e-02       1.595487462004e+04 
       2.680029138234e-02       1.588493864949e+04 
       2.694811625331e-02       1.581490922138e+04 
       2.709608755975e-02       1.574479748134e+04 
       2.724420845716e-02       1.567461106110e+04 
       2.739248217811e-02       1.560436057034e+04 
       2.754091203436e-02       1.553405305967e+04 
       2.768950141894e-02       1.546370136479e+04 
       2.783825380839e-02       1.539330949616e+04 
       2.798717276503e-02       1.532288664299e+04 
       2.813626193929e-02       1.525244058792e+04 
       2.828552507219e-02       1.518198169101e+04 
       2.843496599782e-02       1.511151304350e+04 
       2.858458864595e-02       1.504104430188e+04 
       2.873439704477e-02       1.497058266392e+04 
       2.888439532357e-02       1.490013125155e+04 
       2.903458771576e-02       1.482970179783e+04 
       2.918497856172e-02       1.475929687565e+04 
       2.933557231199e-02       1.468892150773e+04 
       2.948637353041e-02       1.461858527810e+04 
       2.963738689745e-02       1.454829016456e+04 
       2.978861721366e-02       1.447804348025e+04 
       2.994006940319e-02       1.440785064171e+04 
       3.009174851749e-02       1.433771657651e+04 
       3.024365973913e-02       1.426764095069e+04 
       3.039580838579e-02       1.419763585416e+04 
       3.054819991431e-02       1.412770128653e+04 
       3.070083992499e-02       1.405784739303e+04 
       3.085373416602e-02       1.398806827953e+04 
       3.100688853805e-02       1.391837396929e+04 
       3.116030909896e-02       1.384876551289e+04 
       3.131400206883e-02       1.377925764302e+04 
       3.146797383506e-02       1.370984005900e+04 
       3.162223095773e-02       1.364052310271e+04 
       3.177678017517e-02       1.357130857283e+04 
       3.193162840970e-02       1.350220147530e+04 
       3.208678277367e-02       1.343320523383e+04 
       3.224225057573e-02       1.336432064837e+04 
       3.239803932729e-02       1.329554969104e+04 
       3.255415674933e-02       1.322690396595e+04 
       3.271061077945e-02       1.315838414134e+04 
       3.286740957923e-02       1.308997786248e+04 
       3.302456154187e-02       1.302170695903e+04 
       3.318207530021e-02       1.295356579116e+04 
       3.333995973504e-02       1.288558231240e+04 
       3.349822398379e-02       1.281769245857e+04 
       3.365687744962e-02       1.274996496508e+04 
       3.381592981088e-02       1.268236684627e+04 
       3.397539103097e-02       1.261494138763e+04 
       3.413527136875e-02       1.254765348861e+04 
       3.429558138925e-02       1.248051546040e+04 
       3.445633197505e-02       1.241353009093e+04 
       3.461753433803e-02       1.234670399435e+04 
       3.477920003175e-02       1.228002993442e+04 
       3.494134096444e-02       1.221352307833e+04 
       3.510396941249e-02       1.214717806784e+04 
       3.526709803469e-02       1.208099925957e+04 
       3.543073988712e-02       1.201498928513e+04 
       3.559490843876e-02       1.194914853703e+04 
       3.575961758788e-02       1.188348125887e+04 
       3.592488167924e-02       1.181798855261e+04 
       3.609071552216e-02       1.175267390995e+04 
       3.625713440948e-02       1.168753556613e+04 
       3.642415413751e-02       1.162257889251e+04 
       3.659179102706e-02       1.155780446142e+04 
       3.676006194546e-02       1.149321404808e+04 
       3.692898432985e-02       1.142880594367e+04 
       3.709857621164e-02       1.136459116787e+04 
       3.726885624237e-02       1.130056180575e+04 
       3.743984372084e-02       1.123672187006e+04 
       3.761155862192e-02       1.117307076842e+04 
       3.778402162682e-02       1.110961457316e+04 
       3.795725415511e-02       1.104634948276e+04 
       3.813127839861e-02       1.098327796861e+04 
       3.830611735715e-02       1.092041464202e+04 
       3.848179487650e-02       1.085771792823e+04 
       3.865833568845e-02       1.079523050211e+04 
       3.883576545338e-02       1.073293762934e+04 
       3.901411080529e-02       1.067084072099e+04 
       3.919339939965e-02       1.060894036341e+04 
       3.937365996421e-02       1.054723233952e+04 
       3.955492235296e-02       1.048572007221e+04 
       3.973721760349e-02       1.042440263953e+04 
       3.992057799809e-02       1.036327887078e+04 
       4.010503712876e-02       1.030234748139e+04 
       4.029062996651e-02       1.024160783497e+04 
       4.047739293529e-02       1.018106033597e+04 
       4.066536399090e-02       1.012070087258e+04 
       4.085458270527e-02       1.006053009957e+04 
       4.104509035659e-02       1.000054560272e+04 
       4.123693002583e-02       9.940746148747e+03 
       4.143014670000e-02       9.881128905839e+03 
       4.162478738298e-02       9.821690861928e+03 
       4.182090121440e-02       9.762429714864e+03 
       4.201853959734e-02       9.703350660470e+03 
       4.221775633566e-02       9.644441027998e+03 
       4.241860778184e-02       9.585703994605e+03 
       4.262115299620e-02       9.527127941022e+03 
       4.282545391873e-02       9.468720724504e+03 
       4.303157555460e-02       9.410473037791e+03 
       4.323958617473e-02       9.352383587986e+03 
       4.344955753282e-02       9.294445843870e+03 
       4.366156510068e-02       9.236654924323e+03 
       4.387568832338e-02       9.179006232181e+03 
       4.409201089662e-02       9.121501090431e+03 
       4.431062106831e-02       9.064131725552e+03 
       4.453161196721e-02       9.006897312413e+03 
       4.475508196139e-02       8.949789331839e+03 
       4.498113504973e-02       8.892780527293e+03 
       4.520988129040e-02       8.835895931010e+03 
       4.544143727020e-02       8.779122057221e+03 
       4.567592661979e-02       8.722444521574e+03 
       4.591348057996e-02       8.665866392133e+03 
       4.615423862525e-02       8.609371881870e+03 
       4.639834915182e-02       8.552949262984e+03 
       4.664597023767e-02       8.496611417822e+03 
       4.689727048422e-02       8.440324440587e+03 
       4.715242995001e-02       8.384107549801e+03 
       4.741164118855e-02       8.327932484057e+03 
       4.767511040433e-02       8.271786493827e+03 
       4.794305874337e-02       8.215648810098e+03 
       4.821572373710e-02       8.159554814801e+03 
       4.849336092154e-02       8.103435509939e+03 
       4.877624565771e-02       8.047314647549e+03 
       4.906467518305e-02       7.991195220386e+03 
       4.935897092966e-02       7.935007637631e+03 
       4.965948115084e-02       7.878793481344e+03 
       4.996658390560e-02       7.822508268056e+03 
       5.028069045992e-02       7.766111948973e+03 
       5.060224917470e-02       7.709637875991e+03 
       5.093174996444e-02       7.653029787895e+03 
       5.126972942734e-02       7.596312548853e+03 
       5.161677676840e-02       7.539415598434e+03 
       5.197354066272e-02       7.482312768466e+03 
       5.234073723810e-02       7.425014731230e+03 
       5.271915939561e-02       7.367474431567e+03 
       5.310968773643e-02       7.309642368850e+03 
       5.351330342555e-02       7.251516020674e+03 
       5.393110340124e-02       7.193034383611e+03 
       5.436431843882e-02       7.134149114913e+03 
       5.481433470280e-02       7.074827764287e+03 
       5.528271958222e-02       7.015002790711e+03 
       5.577125280816e-02       6.954593044211e+03 
       5.628196411276e-02       6.893563740380e+03 
       5.681717902078e-02       6.831773063231e+03 
       5.737957478409e-02       6.769165878380e+03 
       5.797224899611e-02       6.705569064976e+03 
       5.859880407127e-02       6.640856854290e+03 
       5.926345154941e-02       6.574833807068e+03 
       5.997114105768e-02       6.507289130654e+03 
       6.072771963492e-02       6.437913607677e+03 
       6.154012774431e-02       6.366370309912e+03 
       6.241663811063e-02       6.292215625543e+03 
       6.336714136445e-02       6.214886802836e+03 
       6.440347608749e-02       6.133647554868e+03 
       6.553978602143e-02       6.047559928641e+03 
       6.679285666541e-02       5.955382115980e+03 
       6.818232624823e-02       5.855457071929e+03 
       6.973056976171e-02       5.745555587683e+03 
       7.146191826425e-02       5.622744386886e+03 
       7.340074503186e-02       5.483311327383e+03 
       7.556798329767e-02       5.322981637294e+03 
       7.797613892407e-02       5.137568645195e+03 
       8.062404937481e-02       4.924148288820e+03 
       8.349399910996e-02       4.682510577378e+03 
       8.655370016841e-02       4.416342525314e+03 
       8.976300012808e-02       4.133357982510e+03 
       9.308198903495e-02       3.844213899266e+03 
       9.647679233666e-02       3.560711132443e+03 
       9.992173545888e-02       3.293676852431e+03 
       1.033988329734e-01       3.051342386478e+03 
       1.068961338526e-01       2.838915879812e+03 
       1.104059643962e-01       2.658707024711e+03 
       1.139235031877e-01       2.510298662545e+03 
       1.174457615784e-01       2.391001116347e+03 
       1.209709023028e-01       2.296520781192e+03 
       1.244978015568e-01       2.221591544680e+03 
       1.280257739702e-01       2.160465564966e+03 
       1.315544022444e-01       2.107307174271e+03 
       1.350834324930e-01       2.056722276976e+03 
       1.386127102665e-01       2.004270279225e+03 
       1.421421415626e-01       1.946723666920e+03 
       1.456716691063e-01       1.882218016805e+03 
       1.492012579361e-01       1.810349206481e+03 
       1.527308866482e-01       1.732057697576e+03 
       1.562605420820e-01       1.649305783477e+03 
       1.597902160919e-01       1.564663618909e+03 
       1.633199035886e-01       1.480916393752e+03 
       1.668496013484e-01       1.400735181636e+03 
       1.703793072904e-01       1.326354895737e+03 
       1.739090200366e-01       1.259377842497e+03 
       1.774387386445e-01       1.200713176395e+03 
       1.809684624436e-01       1.150607214415e+03 
       1.844981909359e-01       1.108690037682e+03 
       1.880279237345e-01       1.074074555889e+03 
       1.915576605263e-01       1.045494215831e+03 
       1.950874010479e-01       1.021461554485e+03 
       1.986171450719e-01       1.000425671563e+03 
       2.021468923967e-01       9.810851965156e+02 
       2.056766428409e-01       9.617811367852e+02 
       2.092063962393e-01       9.413807346859e+02 
       2.127361524399e-01       9.191102729824e+02 
       2.162659113021e-01       8.946046493705e+02 
       2.197956726953e-01       8.679098471351e+02 
       2.233254364977e-01       8.394274141672e+02 
       2.268552025955e-01       8.097994522918e+02 
       2.303849708821e-01       7.797834424931e+02 
       2.339147412574e-01       7.501426681827e+02 
       2.374445136276e-01       7.215738529885e+02 
       2.409742879042e-01       6.946543988777e+02 
       2.445040640041e-01       6.698149926422e+02 
       2.480338418488e-01       6.473303313106e+02 
       2.515636213643e-01       6.273159546714e+02 
       2.550934024809e-01       6.097244274813e+02 
       2.586231851325e-01       5.943503487336e+02 
       2.621529692566e-01       5.808566184841e+02 
       2.656827547943e-01       5.688186750868e+02 
       2.692125416895e-01       5.577747939483e+02 
       2.727423298892e-01       5.472747959901e+02 
       2.762721193431e-01       5.369244903494e+02 
       2.798019100034e-01       5.264184763607e+02 
       2.833317018247e-01       5.155440345648e+02 
       2.868614947640e-01       5.041835897299e+02 
       2.903912887802e-01       4.923101630377e+02 
       2.939210838342e-01       4.799820932705e+02 
       2.974508798890e-01       4.673327942064e+02 
       3.009806769091e-01       4.545536652364e+02 
       3.045104748607e-01       4.418672285991e+02 
       3.080402737117e-01       4.295023389687e+02 
       3.115700734312e-01       4.176593938532e+02 
       3.150998739900e-01       4.064881982175e+02 
       3.186296753600e-01       3.960777293513e+02 
       3.221594775144e-01       3.864580562693e+02 
       3.256892804275e-01       3.776077754473e+02 
       3.292190840748e-01       3.694694143698e+02 
       3.327488884329e-01       3.619577829128e+02 
       3.362786934792e-01       3.549681037226e+02 
       3.398084991921e-01       3.483849330944e+02 
       3.433383055511e-01       3.420839574037e+02 
       3.468681125362e-01       3.359447970172e+02 
       3.503979201285e-01       3.298613472752e+02 
       3.539277283098e-01       3.237537297378e+02 
       3.574575370623e-01       3.175759207166e+02 
       3.609873463694e-01       3.113142290692e+02 
       3.645171562149e-01       3.049853951634e+02 
       3.680469665831e-01       2.986249994883e+02 
       3.715767774592e-01       2.922816149944e+02 
       3.751065888287e-01       2.860049096204e+02 
       3.786364006777e-01       2.798472326793e+02 
       3.821662129929e-01       2.738574899188e+02 
       3.856960257614e-01       2.680797688651e+02 
       3.892258389709e-01       2.625513897961e+02 
       3.927556526094e-01       2.572937935181e+02 
       3.962854666654e-01       2.523143045742e+02 
       3.998152811278e-01       2.476022615262e+02 
       4.033450959858e-01       2.431308368356e+02 
       4.068749112292e-01       2.388650314394e+02 
       4.104047268479e-01       2.347658375829e+02 
       4.139345428324e-01       2.307977470774e+02 
       4.174643591732e-01       2.269309980810e+02 
       4.209941758614e-01       2.231401161029e+02 
       4.245239928882e-01       2.194055118904e+02 
       4.280538102454e-01       2.157110643427e+02 
       4.315836279247e-01       2.120453862644e+02 
       4.351134459182e-01       2.084016884883e+02 
       4.386432642184e-01       2.047818213773e+02 
       4.421730828179e-01       2.011955439952e+02 
       4.457029017094e-01       1.976549167351e+02 
       4.492327208863e-01       1.941770044107e+02 
       4.527625403416e-01       1.907753018650e+02 
       4.562923600690e-01       1.874603499441e+02 
       4.598221800621e-01       1.842369770921e+02 
       4.633520003148e-01       1.811100319882e+02 
       4.668818208213e-01       1.780807282263e+02 
       4.704116415758e-01       1.751488231228e+02 
       4.739414625728e-01       1.723161164911e+02 
       4.774712838068e-01       1.695788009483e+02 
       4.810011052726e-01       1.669317220878e+02 
       4.845309269651e-01       1.643648809670e+02 
       4.880607488794e-01       1.618650388499e+02 
       4.915905710108e-01       1.594215224293e+02 
       4.951203933544e-01       1.570233701868e+02 
       4.986502159058e-01       1.546643158120e+02 
       5.021800386607e-01       1.523399891831e+02 
       5.057098616147e-01       1.500491878203e+02 
       5.092396847637e-01       1.477907283688e+02 
       5.127695081036e-01       1.455630372030e+02 
       5.162993316306e-01       1.433659655278e+02 
       5.198291553407e-01       1.412005282699e+02 
       5.233589792303e-01       1.390692795464e+02 
       5.268888032958e-01       1.369782033878e+02 
       5.304186275335e-01       1.349317901283e+02 
       5.339484519402e-01       1.329346835957e+02 
       5.374782765125e-01       1.309886521282e+02 
       5.410081012470e-01       1.290936928650e+02 
       5.445379261407e-01       1.272464073937e+02 
       5.480677511905e-01       1.254442127869e+02 
       5.515975763933e-01       1.236840077907e+02 
       5.551274017462e-01       1.219636170875e+02 
       5.586572272464e-01       1.202811159577e+02 
       5.621870528911e-01       1.186346184617e+02 
       5.657168786776e-01       1.170211263731e+02 
       5.692467046032e-01       1.154367267575e+02 
       5.727765306654e-01       1.138781999949e+02 
       5.763063568616e-01       1.123429865596e+02 
       6.013751784838e-01       1.021304721394e+02 
       6.289467001742e-01       9.234487063193e+01 
       6.596979687872e-01       8.295963612098e+01 
       6.946296599460e-01       7.379159789044e+01 
       7.352976292708e-01       6.483457242065e+01 
       7.842770710978e-01       5.592712508920e+01 
       8.461692310324e-01       4.694409087634e+01 
       9.299471756978e-01       3.769927504717e+01 
       1.054370889753e+00       2.808097442703e+01 
       1.255156726148e+00       1.856615768581e+01 
       1.562130009674e+00       1.096300101303e+01 
       1.965639893852e+00       6.253158455785e+00 
       2.474583044632e+00       3.535346412769e+00 
       3.115315456245e+00       1.984945039392e+00 
       3.921949793616e+00       1.107444200624e+00 
       4.937442258964e+00       6.143143434828e-01 
