# k [1/Mpc]    Pk_CLASS++    Pk_reference
1.000000000000000048e-04 4.085981358651699793e+02 4.100372390036771435e+02
1.009262190987047304e-04 4.122472398345352076e+02 4.136998412351093179e+02
1.018610170155975281e-04 4.159289128694891815e+02 4.173951124100141783e+02
1.028044732093309733e-04 4.196434463751386943e+02 4.211233558022877901e+02
1.037566678745185890e-04 4.233911317565883792e+02 4.248848746858245704e+02
1.047176819485520245e-04 4.271722604189429262e+02 4.286799723345181974e+02
1.056875971184803998e-04 4.309871237673092423e+02 4.325089520222650776e+02
1.066664958279538747e-04 4.348360132067919608e+02 4.363721170229590598e+02
1.076544612842315928e-04 4.387192201424963969e+02 4.402697706104952999e+02
1.086515774652538379e-04 4.426370359795274112e+02 4.442022160587673056e+02
1.096579291267809898e-04 4.465897521245294115e+02 4.481697566416717677e+02
1.106736018095973433e-04 4.505776678957054173e+02 4.521726956331016254e+02
1.116986818467822557e-04 4.546011089468182149e+02 4.562113363069533989e+02
1.127332563710487184e-04 4.586604064045325799e+02 4.602859819371276444e+02
1.137774133221491354e-04 4.627558913955128332e+02 4.643969421072231398e+02
1.148312414543511137e-04 4.668878950464259674e+02 4.685445508685144205e+02
1.158948303439810582e-04 4.710567484839364170e+02 4.727291482022672540e+02
1.169682703970384685e-04 4.752627828347087870e+02 4.769510740897475216e+02
1.180516528568805612e-04 4.795063292254099565e+02 4.812106685122231511e+02
1.191450698119775949e-04 4.837877187827044736e+02 4.855082714509601942e+02
1.202486142037412301e-04 4.881072826332568866e+02 4.898442228872241913e+02
1.213623798344240533e-04 4.924653519037340743e+02 4.942188628022834678e+02
1.224864613750930708e-04 4.968622577207997892e+02 4.986325311774029956e+02
1.236209543736769146e-04 5.012983312111209102e+02 5.030855679938509297e+02
1.247659552630869643e-04 5.057739035033986852e+02 5.075783132328932084e+02
1.259215613694150942e-04 5.102893139143558301e+02 5.121111068757951443e+02
1.270878709202058108e-04 5.148449285665129764e+02 5.166842902202540699e+02
1.282649830528059917e-04 5.194411190592923049e+02 5.212982244530497837e+02
1.294529978227916035e-04 5.240782569921171898e+02 5.259532861701128468e+02
1.306520162124721288e-04 5.287567139644100962e+02 5.306498523694809819e+02
1.318621401394748458e-04 5.334768615755961036e+02 5.353883000491948678e+02
1.330834724654074680e-04 5.382390714250966539e+02 5.401690062072908631e+02
1.343161170046015297e-04 5.430437151123368267e+02 5.449923478418095328e+02
1.355601785329368979e-04 5.478911642367389732e+02 5.498587019507883724e+02
1.368157627967471913e-04 5.527817903977264677e+02 5.547684455322661279e+02
1.380829765218092263e-04 5.577159651947217753e+02 5.597219555842802947e+02
1.393619274224142113e-04 5.626940602271499756e+02 5.647196091048715516e+02
1.406527242105236439e-04 5.677164474559359633e+02 5.697617831528136776e+02
1.419554766050101563e-04 5.727835151244121334e+02 5.748488657286424086e+02
1.432702953409830901e-04 5.778956740155385887e+02 5.799812683575273695e+02
1.445972921792019463e-04 5.830533365668577517e+02 5.851594056144688238e+02
1.459365799155756230e-04 5.882569152159150008e+02 5.903836920744691952e+02
1.472882723907501770e-04 5.935068224002511670e+02 5.956545423125276102e+02
1.486524844997857086e-04 5.988034705574131067e+02 6.009723709036476293e+02
1.500293322019218239e-04 6.041472721249397182e+02 6.063375924228258782e+02
1.514189325304352018e-04 6.095386395403776305e+02 6.117506214450664856e+02
1.528214036025869315e-04 6.149779852412677883e+02 6.172118725453678962e+02
1.542368646296629023e-04 6.204657216651556837e+02 6.227217602987331020e+02
1.556654359271062154e-04 6.260022612495835119e+02 6.282807010767434122e+02
1.571072389247450316e-04 6.315880188768196604e+02 6.338891329225908748e+02
1.585623961771137158e-04 6.372234340257049325e+02 6.395475082438344998e+02
1.600310313738700137e-04 6.429089603988379622e+02 6.452562797052311225e+02
1.615132693503091297e-04 6.486450518718449985e+02 6.510158999715413302e+02
1.630092360979741085e-04 6.544321623203493345e+02 6.568268217075226403e+02
1.645190587753662351e-04 6.602707456199747185e+02 6.626894975779337074e+02
1.660428657187529582e-04 6.661612556463444434e+02 6.686043802475319353e+02
1.675807864530766986e-04 6.721041462750847586e+02 6.745719223810782523e+02
1.691329517029648683e-04 6.780998713818183887e+02 6.805925766433299486e+02
1.706994934038408014e-04 6.841488848421685134e+02 6.866667986905392809e+02
1.722805447131393918e-04 6.902516405317614954e+02 6.927950681653082938e+02
1.738762400216250527e-04 6.964085967060457278e+02 6.989778762422109821e+02
1.754867149648150332e-04 7.026202388257951270e+02 7.052157141692281357e+02
1.771121064345088786e-04 7.088870627820308528e+02 7.115090731943369065e+02
1.787525525904235457e-04 7.152095644871112654e+02 7.178584445655154695e+02
1.804081928719382670e-04 7.215882398533924516e+02 7.242643195307404085e+02
1.820791680099462359e-04 7.280235847932353863e+02 7.307271893379928542e+02
1.837656200388170424e-04 7.345160952189957015e+02 7.372475452352479124e+02
1.854676923084699425e-04 7.410662670430334629e+02 7.438258790784899475e+02
1.871855294965579319e-04 7.476745961777057801e+02 7.504627007010761872e+02
1.889192776207666380e-04 7.543415785353690808e+02 7.571585404594464990e+02
1.906690840512252085e-04 7.610677120995471796e+02 7.639139298299877510e+02
1.924350975230330212e-04 7.678535193422186467e+02 7.707294002890818092e+02
1.942174681489026468e-04 7.746995387318410167e+02 7.776054833131171335e+02
1.960163474319185771e-04 7.816063090124850987e+02 7.845427103784728615e+02
1.978318882784164360e-04 7.885743689282304558e+02 7.915416129615375667e+02
1.996642450109793374e-04 7.956042572231500571e+02 7.986027225386928876e+02
2.015135733815558649e-04 8.026965126413228973e+02 8.057265719183172905e+02
2.033800305846982068e-04 8.098516739268227411e+02 8.129137150577975035e+02
2.052637752709252192e-04 8.170702798237243769e+02 8.201647228416672988e+02
2.071649675602068924e-04 8.243528690761074813e+02 8.274801666289372406e+02
2.090837690555749911e-04 8.316999877696742942e+02 8.348606177786120952e+02
2.110203428568596521e-04 8.391122108348536131e+02 8.423066476497036774e+02
2.129748535745521019e-04 8.465901202851058542e+02 8.498188276012139113e+02
2.149474673437980470e-04 8.541342981339012113e+02 8.573977289921547253e+02
2.169383518385184322e-04 8.617453263947032838e+02 8.650439231897103127e+02
2.189476762856620634e-04 8.694237870809809010e+02 8.727579908698684221e+02
2.209756114795903147e-04 8.771702622061990269e+02 8.805405399042330146e+02
2.230223297965938634e-04 8.849853337838222842e+02 8.883921831043076054e+02
2.250880052095461704e-04 8.928695838273196159e+02 8.963135332816007121e+02
2.271728133026905069e-04 9.008235980259390772e+02 9.043052032476141449e+02
2.292769312865648647e-04 9.088479901764019360e+02 9.123678058138566485e+02
2.314005380130654006e-04 9.169433870511978739e+02 9.205019537918315109e+02
2.335438139906479262e-04 9.251104154925734520e+02 9.287082599930437254e+02
2.357069413996727843e-04 9.333497023427744352e+02 9.369873432218503240e+02
2.378901041078893431e-04 9.416618744440507953e+02 9.453398503270640276e+02
2.400934876860651764e-04 9.500475586386464784e+02 9.537664363541554167e+02
2.423172794237600676e-04 9.585073817688119107e+02 9.622677563496041557e+02
2.445616683452446721e-04 9.670419706767921753e+02 9.708444653598846799e+02
2.468268452255692339e-04 9.756519582925960776e+02 9.794972184314718788e+02
2.491130026067788590e-04 9.843380073242510662e+02 9.882266706108456447e+02
2.514203348142796828e-04 9.931007895704434532e+02 9.970334769458991104e+02
2.537490379733571512e-04 1.001940976832110891e+03 1.005918301044421014e+03
2.560993100258459536e-04 1.010859240910178528e+03 1.014881835291767402e+03
2.584713507469563534e-04 1.019856253605584129e+03 1.023924778114288074e+03
2.608653617622547997e-04 1.028932686719256708e+03 1.033047827938324644e+03
2.632815465648020189e-04 1.038089212052132098e+03 1.042251683190224867e+03
2.657201105324506481e-04 1.047326501800249616e+03 1.051537042296331947e+03
2.681812609453015396e-04 1.056645246464895763e+03 1.060904603682988409e+03
2.706652070033241072e-04 1.066046162186406036e+03 1.070355066222739197e+03
2.731721598441376204e-04 1.075529967019372179e+03 1.079889146989292612e+03
2.757023325609582747e-04 1.085097379018394577e+03 1.089507587207384859e+03
2.782559402207125773e-04 1.094749116238067472e+03 1.099211129767833654e+03
2.808331998823172674e-04 1.104485896732986703e+03 1.109000517561459674e+03
2.834343306151309184e-04 1.114308438557746513e+03 1.118876493479080864e+03
2.860595535175741895e-04 1.124217459767897481e+03 1.128839800411521310e+03
2.887090917359234400e-04 1.134213687485424543e+03 1.138891181249597366e+03
2.913831704832788461e-04 1.144297880107272704e+03 1.149031384642743433e+03
2.940820170587063703e-04 1.154470802769095599e+03 1.159261189389254014e+03
2.968058608665602493e-04 1.164733220606547775e+03 1.169581384120677967e+03
2.995549334359813402e-04 1.175085898755289236e+03 1.179992757474002246e+03
3.023294684405776131e-04 1.185529602350971800e+03 1.190496098086205620e+03
3.051297017182870593e-04 1.196065096529257744e+03 1.201092194594275952e+03
3.079558712914226386e-04 1.206693146425795248e+03 1.211781835635188145e+03
3.108082173869063645e-04 1.217414523429353721e+03 1.222565811382315360e+03
3.136869824566876504e-04 1.228230030708650020e+03 1.233444936815213396e+03
3.165924111983520412e-04 1.239140481503531419e+03 1.244420046983661450e+03
3.195247505759213607e-04 1.250146689057873573e+03 1.255491977513273014e+03
3.224842498408441913e-04 1.261249466615551000e+03 1.266661564029663850e+03
3.254711605531848163e-04 1.272449627420445267e+03 1.277929642158453817e+03
3.284857366030043374e-04 1.283747984716429301e+03 1.289297047525256176e+03
3.315282342319423150e-04 1.295145351747385121e+03 1.300764616177681773e+03
3.345989120549974685e-04 1.306642548626669168e+03 1.312333203401282162e+03
3.376980310825091164e-04 1.318240427947910575e+03 1.324003691247328788e+03
3.408258547423452110e-04 1.329939851895012225e+03 1.335776963746294768e+03
3.439826489022924688e-04 1.341741682653289217e+03 1.347653904928660722e+03
3.471686818926559680e-04 1.353646782408047329e+03 1.359635398824897266e+03
3.503842245290675643e-04 1.365656013344601661e+03 1.371722329465484108e+03
3.536295501355042614e-04 1.377770237648260718e+03 1.383915581033645140e+03
3.569049345675229896e-04 1.389990317509725628e+03 1.396216053865519598e+03
3.602106562357070192e-04 1.402317125776239664e+03 1.408624678487550227e+03
3.635469961293317630e-04 1.414751568237632682e+03 1.421142388735524491e+03
3.669142378402493712e-04 1.427294557029622410e+03 1.433770118445221215e+03
3.703126675869927134e-04 1.439947004287925211e+03 1.446508801452418993e+03
3.737425742391063937e-04 1.452709822148266539e+03 1.459359371592905745e+03
3.772042493416997554e-04 1.465583922746361168e+03 1.472322762804818922e+03
3.806979871402283821e-04 1.478570218217932961e+03 1.485399924481608195e+03
3.842240846055060993e-04 1.491669620967820265e+03 1.498591837844707015e+03
3.877828414589457430e-04 1.504883061626314429e+03 1.511899488038565323e+03
3.913745601980383993e-04 1.518211500337771668e+03 1.525323860207640337e+03
3.949995461220642823e-04 1.531655899939163419e+03 1.538865939496381998e+03
3.986581073580438726e-04 1.545217223267462487e+03 1.552526711049239793e+03
4.023505548869293143e-04 1.558896433159648268e+03 1.566307160146199749e+03
4.060772025700365591e-04 1.572694492452693794e+03 1.580208288701227048e+03
4.098383671757261184e-04 1.586612363983570049e+03 1.594231131061134874e+03
4.136343684063273807e-04 1.600651012531386641e+03 1.608376725316883039e+03
4.174655289253134888e-04 1.614811430838085698e+03 1.622646109559420665e+03
4.213321743847288901e-04 1.629094632623784264e+03 1.637040321879706653e+03
4.252346334528682046e-04 1.643501632117513736e+03 1.651560400368692854e+03
4.291732378422157359e-04 1.658033443548309151e+03 1.666207383376721737e+03
4.331483223376398229e-04 1.672691081145201224e+03 1.680982328336465343e+03
4.371602248248502198e-04 1.687475559137230221e+03 1.695886324481559313e+03
4.412092863191189912e-04 1.702387891753428221e+03 1.710920464058641755e+03
4.452958509942655184e-04 1.717429100487444202e+03 1.726085839314349414e+03
4.494202662119142376e-04 1.732600241356398101e+03 1.741383542495328356e+03
4.535828825510186029e-04 1.747902380622090959e+03 1.756814665848213508e+03
4.577840538376616304e-04 1.763336584547969323e+03 1.772380302166441197e+03
4.620241371751312867e-04 1.778903919397472237e+03 1.788081567208354954e+03
4.663034929742731084e-04 1.794605451434039878e+03 1.803919607592339389e+03
4.706224849841281286e-04 1.810442246921111291e+03 1.819895572105940573e+03
4.749814803228499869e-04 1.826415372350093094e+03 1.836010609536712309e+03
4.793808495089107069e-04 1.842525912315622008e+03 1.852265868672194756e+03
4.838209664925957392e-04 1.858774982365156120e+03 1.868662498299944218e+03
4.883022086877879990e-04 1.875163701078131680e+03 1.885201648249394566e+03
4.928249570040513054e-04 1.891693187033983804e+03 1.901884494911952515e+03
4.973895958790062848e-04 1.908364558812158748e+03 1.918712242770213152e+03
5.019965133110079530e-04 1.925178934992090035e+03 1.935686097654792093e+03
5.066461008921268206e-04 1.942137434153220738e+03 1.952807265396313369e+03
5.113387538414325981e-04 1.959241177345942788e+03 1.970076951825393735e+03
5.160748710385908026e-04 1.976491315404325860e+03 1.987496362772655857e+03
5.208548550577659763e-04 1.993889018892720742e+03 2.005066705909208849e+03
5.256791122018419265e-04 2.011435458728248477e+03 2.022789219971211651e+03
5.305480525369574672e-04 2.029131805828034430e+03 2.040665169550979044e+03
5.354620899273607008e-04 2.046979231109191915e+03 2.058695820028507569e+03
5.404216420705914865e-04 2.064978905488850614e+03 2.076882436783814228e+03
5.454271305329836403e-04 2.083131999884139077e+03 2.095226285196900335e+03
5.504789807854967333e-04 2.101439694175413479e+03 2.113728630647770842e+03
5.555776222398877860e-04 2.119903202980409787e+03 2.132390741336846531e+03
5.607234882852032368e-04 2.138523749330931423e+03 2.151213919763943977e+03
5.659170163246242521e-04 2.157302556258789537e+03 2.170199491297397344e+03
5.711586478126434762e-04 2.176240846795794823e+03 2.189348781721342675e+03
5.764488282925873171e-04 2.195339843973750249e+03 2.208663116819910556e+03
5.817880074344935256e-04 2.214600770824473329e+03 2.228143822377244305e+03
5.871766390733255264e-04 2.234024850745367075e+03 2.247792224177471326e+03
5.926151812475552710e-04 2.253613326689549012e+03 2.267609651937130366e+03
5.981040962380944435e-04 2.273367470626639260e+03 2.287597472578357610e+03
6.036438506075863814e-04 2.293288556876862003e+03 2.307757073520870108e+03
6.092349152400711784e-04 2.313377859760451884e+03 2.328089842398181645e+03
6.148777653810022850e-04 2.333636653597634449e+03 2.348597166843790092e+03
6.205728806776500623e-04 2.354066212708638886e+03 2.369280434491203323e+03
6.263207452198691922e-04 2.374667811413695745e+03 2.390141032973927395e+03
6.321218475812448011e-04 2.395442726528683579e+03 2.411180354878761136e+03
6.379766808606282449e-04 2.416392263579836253e+03 2.432399831844363689e+03
6.438857427240419562e-04 2.437517746473921306e+03 2.453800914016763272e+03
6.498495354469888087e-04 2.458820499417739029e+03 2.475385051653115170e+03
6.558685659571435525e-04 2.480301846618086074e+03 2.497153695010572392e+03
6.619433458774394430e-04 2.501963112281751819e+03 2.519108294346283401e+03
6.680743915695614441e-04 2.523805620615534735e+03 2.541250299917401662e+03
6.742622241778341904e-04 2.545830695826227839e+03 2.563581167767092211e+03
6.805073696735206446e-04 2.568039669350676377e+03 2.586102394285773698e+03
6.868103588995306923e-04 2.590433904347216412e+03 2.608815493044042796e+03
6.931717276155407569e-04 2.613014772671411265e+03 2.631721977675945709e+03
6.995920165435374474e-04 2.635783646179055722e+03 2.654823361815530461e+03
7.060717714137773214e-04 2.658741896725947754e+03 2.678121159096846441e+03
7.126115430111745839e-04 2.681890896167884421e+03 2.701616883153945764e+03
7.192118872221193223e-04 2.705232016360664147e+03 2.725312053911487055e+03
7.258733650817253023e-04 2.728766629278894925e+03 2.749208231973891543e+03
7.325965428215230456e-04 2.752496121020069950e+03 2.773306994129099166e+03
7.393819919175865889e-04 2.776421904974971312e+03 2.797609917206471891e+03
7.462302891391107279e-04 2.800545397651387248e+03 2.822118578035377141e+03
7.531420165974375561e-04 2.824868015557107810e+03 2.846834553445180973e+03
7.601177617955330547e-04 2.849391175199918052e+03 2.871759420265247627e+03
7.671581176779302151e-04 2.874116293087601662e+03 2.896894761840622778e+03
7.742636826811269846e-04 2.899044785727950512e+03 2.922242201769945950e+03
7.814350607844542133e-04 2.924178070583056979e+03 2.947803379007613785e+03
7.886728615614155540e-04 2.949517584728458587e+03 2.973579932538448247e+03
7.959777002314985571e-04 2.975064783637158598e+03 2.999573501347260844e+03
8.033501977124734390e-04 3.000821123492970855e+03 3.025785724418874906e+03
8.107909806731686828e-04 3.026788060479702381e+03 3.052218240738108761e+03
8.183006815867389754e-04 3.052967050781163380e+03 3.078872695916931661e+03
8.258799387844272151e-04 3.079359550581168605e+03 3.105750774894481765e+03
8.335293965098195066e-04 3.105967016063516894e+03 3.132854177060809889e+03
8.412497049736117902e-04 3.132790906324192292e+03 3.160184601828215818e+03
8.490415204088746625e-04 3.159832702090615385e+03 3.187743748608991609e+03
8.569055051268347108e-04 3.187093893828176533e+03 3.215533316815432499e+03
8.648423275731726865e-04 3.214575972049125539e+03 3.243555005859835546e+03
8.728526623848379762e-04 3.242280427265700837e+03 3.271810521945340042e+03
8.809371904473991014e-04 3.270208749990153137e+03 3.300301609005724913e+03
8.890965989529158288e-04 3.298362430734727695e+03 3.329030024003217477e+03
8.973315814583519715e-04 3.326742960014640175e+03 3.357997523912403267e+03
9.056428379445294243e-04 3.355351833924161838e+03 3.387205865707869634e+03
9.140310748756232161e-04 3.384190565722550673e+03 3.416656806364188469e+03
9.224970052592174194e-04 3.413260671959513729e+03 3.446352102855948942e+03
9.310413487069074982e-04 3.442563669184753508e+03 3.476293519250985355e+03
9.396648314954690433e-04 3.472101073947969780e+03 3.506482854293415130e+03
9.483681866285927856e-04 3.501874402798867322e+03 3.536921917307384319e+03
9.571521538991865398e-04 3.531885172287140904e+03 3.567612517619618302e+03
9.660174799522645676e-04 3.562134899148787099e+03 3.598556464556851552e+03
9.749649183484086420e-04 3.592625106902942662e+03 3.629755567445815814e+03
9.839952296278227113e-04 3.623357327623627953e+03 3.661211635613251474e+03
9.931091813749799713e-04 3.654333093931504663e+03 3.692926486610007487e+03
1.002307548283865382e-03 3.685553938447212659e+03 3.724901969904403813e+03
1.011591112223829674e-03 3.717021393791412720e+03 3.757139942706660349e+03
1.020960662306046604e-03 3.748736992584758354e+03 3.789642262226990624e+03
1.030416994950587558e-03 3.780702267447903068e+03 3.822410785675605439e+03
1.039960913954120214e-03 3.812918751478161084e+03 3.855447370262724235e+03
1.049593230558227598e-03 3.845387981438207589e+03 3.888753873215460771e+03
1.059314763518370058e-03 3.878111495791059951e+03 3.922332161400616314e+03
1.069126339173476084e-03 3.911090833009060589e+03 3.956184127426016857e+03
1.079028791516183647e-03 3.944327531564559195e+03 3.990311668149961861e+03
1.089022962263730540e-03 3.977823129929897277e+03 4.024716680430746692e+03
1.099109700929497193e-03 4.011579166577415890e+03 4.059401061126665809e+03
1.109289864895222780e-03 4.045597179957909702e+03 4.094366707096018672e+03
1.119564319483878348e-03 4.079878705597448970e+03 4.129615515387969026e+03
1.129933938033221693e-03 4.114425273163006750e+03 4.165149394840533205e+03
1.140399601970033122e-03 4.149238411622734020e+03 4.200970272760866465e+03
1.150962200885032299e-03 4.184319649944773118e+03 4.237080078068038347e+03
1.161622632608501782e-03 4.219670517097273660e+03 4.273480739681128398e+03
1.172381803286598597e-03 4.255292542048387077e+03 4.310174186519214345e+03
1.183240627458377906e-03 4.291187253766252070e+03 4.347162347501363001e+03
1.194200028133532475e-03 4.327356179331808562e+03 4.384447152404438384e+03
1.205260936870842505e-03 4.363800831232236305e+03 4.422030543654922440e+03
1.216424293857367930e-03 4.400522715152180353e+03 4.459914473323220591e+03
1.227691047988359102e-03 4.437523336738169746e+03 4.498100893722445107e+03
1.239062156947915577e-03 4.474804201636731705e+03 4.536591757165709168e+03
1.250538587290391272e-03 4.512366815494401635e+03 4.575389015966127772e+03
1.262121314522547276e-03 4.550212683957698573e+03 4.614494622436805912e+03
1.273811323186478574e-03 4.588343312056876130e+03 4.653910530814711819e+03
1.285609606943296460e-03 4.626760186700473241e+03 4.693638703626934330e+03
1.297517168657586796e-03 4.665464774166270217e+03 4.733681105633052539e+03
1.309535020482667771e-03 4.704458539611352535e+03 4.774039701592721030e+03
1.321664183946605082e-03 4.743742948192778385e+03 4.814716456265560737e+03
1.333905690039058692e-03 4.783319465067616875e+03 4.855713334411208052e+03
1.346260579298911089e-03 4.823189555392941656e+03 4.897032300821511853e+03
1.358729901902709127e-03 4.863354684168977656e+03 4.938675321197897574e+03
1.371314717753945684e-03 4.903816297638920332e+03 4.980644362256392924e+03
1.384016096573131502e-03 4.944575805734456480e+03 5.022941390766282893e+03
1.396835117988739789e-03 4.985634614231682463e+03 5.065568373496870663e+03
1.409772871628967679e-03 5.026994128906685546e+03 5.108527277217450319e+03
1.422830457214352027e-03 5.068655755535550270e+03 5.151820068696809358e+03
1.436008984651260603e-03 5.110620899894380273e+03 5.195448712540146516e+03
1.449309574126216591e-03 5.152890967643837030e+03 5.239415166231238800e+03
1.462733356201129922e-03 5.195467341626002053e+03 5.283721385790856402e+03
1.476281471909390982e-03 5.238351354559293213e+03 5.328369327239770428e+03
1.489955072852853580e-03 5.281544332500464407e+03 5.373360946598727423e+03
1.503755321299738400e-03 5.325047601506291358e+03 5.418698199888512136e+03
1.517683390283405343e-03 5.368862487633528872e+03 5.464383041021339523e+03
1.531740463702079740e-03 5.412990316938947217e+03 5.510417408692072968e+03
1.545927736419478457e-03 5.457432414883115598e+03 5.556803234915731082e+03
1.560246414366367983e-03 5.502190069673098151e+03 5.603542451678719772e+03
1.574697714643086797e-03 5.547264510904268718e+03 5.650636990967473139e+03
1.589282865622978049e-03 5.592656963027190614e+03 5.698088784768388905e+03
1.604003107056819902e-03 5.638368650492438064e+03 5.745899762872085375e+03
1.618859690178199150e-03 5.684400797750587117e+03 5.794071831871061477e+03
1.633853877809860388e-03 5.730754629252195627e+03 5.842606884427359546e+03
1.648986944471065013e-03 5.777431364272567407e+03 5.891506813013292231e+03
1.664260176485903671e-03 5.824432152859306370e+03 5.940773510101119427e+03
1.679674872092653225e-03 5.871758095678172140e+03 5.990408868163141051e+03
1.695232341554121433e-03 5.919410292331333039e+03 6.040414776037861884e+03
1.710933907269013374e-03 5.967389842420935565e+03 6.090793088735109450e+03
1.726780903884356060e-03 6.015697845549155318e+03 6.141545642867319657e+03
1.742774678408919205e-03 6.064335401279154212e+03 6.192674274863060418e+03
1.758916590327732569e-03 6.113303575422070935e+03 6.244180821150915108e+03
1.775208011717636101e-03 6.162603338357070243e+03 6.296067118159472557e+03
1.791650327363899543e-03 6.212235643715289370e+03 6.348334993369468066e+03
1.808244934877951829e-03 6.262201445127906482e+03 6.400986228980341366e+03
1.824993244816152391e-03 6.312501696226046079e+03 6.454022592901279495e+03
1.841896680799710861e-03 6.363137350640874502e+03 6.507445853036054359e+03
1.858956679635688372e-03 6.414109347821637130e+03 6.561257777288438774e+03
1.876174691439119486e-03 6.465418521478532966e+03 6.615460133265423792e+03
1.893552179756295304e-03 6.517065657564498906e+03 6.670054659365475345e+03
1.911090621689137941e-03 6.569051541799247389e+03 6.725043040547249802e+03
1.928791508020777801e-03 6.621376959902506314e+03 6.780426956064766273e+03
1.946656343342263208e-03 6.674042697594000856e+03 6.836208085172044775e+03
1.964686646180444432e-03 6.727049531282006683e+03 6.892388107123079863e+03
1.982883949127071596e-03 6.780398131195148380e+03 6.948968693115006317e+03
2.001249798969036847e-03 6.834089100027315908e+03 7.005951451016497231e+03
2.019785756819878538e-03 6.888123039389565747e+03 7.063337958761385380e+03
2.038493398252464155e-03 6.942500550892950741e+03 7.121129794105685505e+03
2.057374313432911404e-03 6.997222236148500997e+03 7.179328534805396885e+03
2.076430107255774777e-03 7.052288682867851094e+03 7.237935756928868614e+03
2.095662399480432980e-03 7.107700354194073952e+03 7.296952986531288843e+03
2.115072824868794756e-03 7.163457647575629380e+03 7.356381692508600281e+03
2.134663033324245458e-03 7.219560959869883845e+03 7.416223340631846440e+03
2.154434690031882104e-03 7.276010687934180169e+03 7.476479396672040821e+03
2.174389475600079814e-03 7.332807228625897551e+03 7.537151325929477025e+03
2.194529086203313769e-03 7.389950941896095173e+03 7.598240548216771458e+03
2.214855233726359396e-03 7.447442041468724710e+03 7.659748400586843672e+03
2.235369645909796640e-03 7.505280704857174896e+03 7.721676211319658250e+03
2.256074066496859074e-03 7.563467109574818096e+03 7.784025308695158856e+03
2.276970255381679901e-03 7.622001433135056686e+03 7.846797020610318214e+03
2.298059988758851136e-03 7.680883849268694576e+03 7.909992630148602984e+03
2.319345059274427381e-03 7.740114422722695963e+03 7.973613334170177950e+03
2.340827276178294395e-03 7.799693095435907708e+03 8.037660319740964042e+03
2.362508465477944960e-03 7.859619802787358822e+03 8.102134773926859452e+03
2.384390470093720581e-03 7.919894480156137433e+03 8.167037882167150201e+03
2.406475150015424062e-03 7.980517062891325622e+03 8.232370760242791221e+03
2.428764382460450386e-03 8.041487432965041990e+03 8.298134429545325474e+03
2.451260062033339647e-03 8.102805308937171503e+03 8.364329904749800335e+03
2.473964100886811429e-03 8.164470378202698157e+03 8.430958200531242255e+03
2.496878428884326609e-03 8.226482328156649601e+03 8.498020323570590335e+03
2.520004993764092018e-03 8.288840846194010737e+03 8.565517185865972351e+03
2.543345761304648036e-03 8.351545584908768433e+03 8.633449637488060034e+03
2.566902715491951956e-03 8.414596011110606923e+03 8.701818527436922523e+03
2.590677858688006114e-03 8.477991529865021221e+03 8.770624704694186221e+03
2.614673211801091940e-03 8.541731546196342606e+03 8.839868975479797882e+03
2.638890814457510187e-03 8.605815465128811411e+03 8.909552011891144502e+03
2.663332725174980854e-03 8.670242659011344585e+03 8.979674459799296528e+03
2.688001021537607393e-03 8.735012318803215749e+03 9.050236965075306216e+03
2.712897800372464623e-03 8.800123572881399014e+03 9.121240164791559437e+03
2.738025177927857611e-03 8.865575549563998720e+03 9.192684582880936432e+03
2.763385290053169997e-03 8.931367377164579011e+03 9.264570664774319084e+03
2.788980292380439669e-03 8.997498127188755461e+03 9.336898854322909756e+03
2.814812360507581122e-03 9.063966672450778788e+03 9.409669593942040592e+03
2.840883690183301346e-03 9.130771842350492079e+03 9.482883237664076660e+03
2.867196497493769945e-03 9.197912466287771167e+03 9.556540001229242989e+03
2.893753019050950264e-03 9.265387371592853015e+03 9.630640088328551428e+03
2.920555512182745027e-03 9.333195280585310684e+03 9.705183702601265395e+03
2.947606255124858490e-03 9.401334762974734986e+03 9.780171023711778616e+03
2.974907547214440586e-03 9.469804374868439481e+03 9.855602166301781836e+03
3.002461709085549064e-03 9.538602621909720256e+03 9.931477139306847675e+03
3.030271082866396216e-03 9.607727930558045045e+03 1.000779583850623203e+04
3.058338032378431822e-03 9.677178589123537677e+03 1.008455812236431666e+04
3.086664943337274428e-03 9.746952829281066442e+03 1.016176375476730573e+04
3.115254223555487950e-03 9.817048882509472605e+03 1.023941248150432148e+04
3.144108303147264728e-03 9.887464975720260554e+03 1.031750404823230019e+04
3.173229634734976452e-03 9.958199189025335727e+03 1.039603813845272089e+04
3.202620693657650189e-03 1.002924942793815899e+04 1.047501427454839722e+04
3.232283978181380805e-03 1.010061358779260991e+04 1.055443195313713295e+04
3.262222009711669788e-03 1.017228956355540686e+04 1.063429066890447211e+04
3.292437333007768984e-03 1.024427515314770790e+04 1.071458978688432944e+04
3.322932516398971556e-03 1.031656792767519437e+04 1.079532846283850995e+04
3.353710152002928671e-03 1.038916542589243181e+04 1.087650583351911882e+04
3.384772855945983230e-03 1.046206518653928833e+04 1.095812102988593870e+04
3.416123268585528460e-03 1.053526468615985686e+04 1.104017309526003373e+04
3.447764054734464220e-03 1.060876119695401394e+04 1.112266100499939239e+04
3.479697903887691603e-03 1.068255194921790462e+04 1.120558373268469768e+04
3.511927530450727804e-03 1.075663417321937413e+04 1.128894018417649932e+04
3.544455673970435625e-03 1.083100501450150659e+04 1.137272897727380587e+04
3.577285099367873231e-03 1.090566134726128257e+04 1.145694865319595920e+04
3.610418597173337477e-03 1.098059999148618772e+04 1.154159775036528299e+04
3.643858983763544404e-03 1.105581776668285602e+04 1.162667472923956484e+04
3.677609101601030626e-03 1.113131139465234628e+04 1.171217796388022907e+04
3.711671819475766913e-03 1.120707738124480784e+04 1.179810582385660746e+04
3.746050032748993088e-03 1.128311220340488217e+04 1.188445659214031366e+04
3.780746663599349276e-03 1.135941233215912325e+04 1.197122824106113876e+04
3.815764661271248397e-03 1.143597406116535785e+04 1.205841867332027323e+04
3.851107002325568872e-03 1.151279348022656086e+04 1.214602578343802270e+04
3.886776690892667502e-03 1.158986666789820265e+04 1.223404738222491324e+04
3.922776758927719494e-03 1.166718966776128582e+04 1.232248123144488818e+04
3.959110266468458469e-03 1.174475826410987247e+04 1.241132508394941397e+04
3.995780301895269192e-03 1.182256812470951263e+04 1.250057645496707300e+04
4.032789982193705006e-03 1.190061491593932806e+04 1.259023259268553193e+04
4.070142453219439092e-03 1.197889420873681775e+04 1.268029073038240494e+04
4.107840889965646940e-03 1.205740139130020907e+04 1.277074804213269454e+04
4.145888496832911101e-03 1.213613183119360474e+04 1.286160159915107579e+04
4.184288507901584922e-03 1.221508085073212897e+04 1.295284846181327885e+04
4.223044187206672490e-03 1.229424344860961537e+04 1.304448558132705512e+04
4.262158829015324536e-03 1.237361448259169447e+04 1.313650966921545478e+04
4.301635758106795056e-03 1.245318880849371817e+04 1.322891740431694234e+04
4.341478330055092809e-03 1.253296124374835381e+04 1.332170527772998867e+04
4.381689931514195016e-03 1.261292656313407133e+04 1.341486935759926018e+04
4.422273980505896963e-03 1.269307953837677269e+04 1.350840565697178135e+04
4.463233926710397266e-03 1.277341476322139351e+04 1.360231049270451331e+04
4.504573251759458330e-03 1.285392643291329478e+04 1.369658075562225895e+04
4.546295469532399616e-03 1.293460868856028537e+04 1.379121334780875804e+04
4.588404126454761513e-03 1.301545564782339170e+04 1.388620304743907764e+04
4.630902801799736956e-03 1.309646134099116898e+04 1.398154182459684671e+04
4.673795107992463616e-03 1.317761977800450950e+04 1.407722175670721845e+04
4.717084690917017036e-03 1.325892493766699408e+04 1.417323953090971008e+04
4.760775230226368428e-03 1.334037064518587249e+04 1.426959544551589352e+04
4.804870439655133628e-03 1.342195067848946928e+04 1.436628906605604425e+04
4.849374067335232921e-03 1.350365870241763514e+04 1.446331484516885575e+04
4.894289896114531989e-03 1.358548779772294984e+04 1.456066529214655566e+04
4.939621743878320863e-03 1.366743085711843560e+04 1.465833378077256020e+04
4.985373463873893699e-03 1.374948081305223241e+04 1.475631571642925883e+04
5.031548945038056761e-03 1.383163076991622620e+04 1.485460643174362849e+04
5.078152112327670442e-03 1.391387387831610067e+04 1.495319507091781452e+04
5.125186927053332862e-03 1.399620308212722921e+04 1.505206559378203929e+04
5.172657387216019441e-03 1.407861072046898880e+04 1.515120783118945656e+04
5.220567527846975073e-03 1.416108902119054437e+04 1.525063508527816157e+04
5.268921421350676766e-03 1.424363011731283768e+04 1.535036517439187810e+04
5.317723177850966487e-03 1.432622598300770915e+04 1.545038912193725628e+04
5.366976945540476510e-03 1.440886856862810600e+04 1.555067150772048808e+04
5.416686911033152113e-03 1.449154967734283855e+04 1.565119017737747527e+04
5.466857299720180412e-03 1.457426098934280890e+04 1.575197204652304208e+04
5.517492376129128420e-03 1.465699412522188322e+04 1.585304519014859397e+04
5.568596444286409188e-03 1.473974039972439277e+04 1.595432371866871290e+04
5.620173848083187887e-03 1.482249102246680559e+04 1.605564713073110761e+04
5.672228971644543115e-03 1.490523712135648020e+04 1.615699667365084133e+04
5.724766239702178301e-03 1.498796967933263295e+04 1.625859674305164117e+04
5.777790117970507157e-03 1.507067965717254083e+04 1.636062614891611884e+04
5.831305113526218976e-03 1.515335794749073284e+04 1.646298123642488281e+04
5.885315775191450431e-03 1.523599540311563396e+04 1.656549954804377558e+04
5.939826693920356553e-03 1.531858250133386173e+04 1.666814113447707496e+04
5.994842503189408769e-03 1.540110894302828274e+04 1.677093171725025240e+04
6.050367879391223974e-03 1.548356444503378589e+04 1.687388587438854302e+04
6.106407542232036509e-03 1.556593960967481871e+04 1.697700671136931123e+04
6.162966255132942307e-03 1.564822543882402715e+04 1.708028975804165748e+04
6.220048825634711363e-03 1.573041205852956773e+04 1.718371976138220998e+04
6.277660105806499857e-03 1.581248840288436440e+04 1.728729711531853900e+04
6.335804992658253774e-03 1.589444350451515129e+04 1.739105874420875261e+04
6.394488428556936721e-03 1.597626705492335350e+04 1.749499570824621696e+04
6.453715401646701634e-03 1.605794878786873960e+04 1.759895147224145694e+04
6.513490946272802555e-03 1.613947747407233328e+04 1.770280862079931467e+04
6.573820143409585606e-03 1.622084139146496273e+04 1.780667721508516115e+04
6.634708121092351002e-03 1.630202938146061933e+04 1.791066887935624982e+04
6.696160054853215332e-03 1.638303087902060543e+04 1.801471956492787649e+04
6.758181168161110294e-03 1.646383499167926493e+04 1.811875351177970879e+04
6.820776732865685421e-03 1.654443017250371122e+04 1.822279742833514683e+04
6.883952069645496441e-03 1.662480446655677224e+04 1.832688693822161076e+04
6.947712548460239883e-03 1.670494491813557761e+04 1.843101489642080924e+04
7.012063589007177036e-03 1.678483850246700968e+04 1.853515855501446640e+04
7.077010661181889518e-03 1.686447269621496162e+04 1.863927719667493147e+04
7.142559285543126184e-03 1.694383538592567129e+04 1.874333670499320942e+04
7.208715033782135163e-03 1.702291601671553508e+04 1.884731926851244498e+04
7.275483529196232965e-03 1.710170396685224114e+04 1.895119391936940519e+04
7.342870447166758088e-03 1.718018448943097246e+04 1.905491683425020165e+04
7.410881515641569613e-03 1.725834160591341788e+04 1.915852640631868780e+04
7.479522515621821015e-03 1.733616254535551707e+04 1.926212011406281817e+04
7.548799281653431614e-03 1.741363570814833656e+04 1.936575187646261838e+04
7.618717702322998914e-03 1.749074817452153366e+04 1.946939330086940390e+04
7.689283720758305352e-03 1.756748641780436446e+04 1.957278922557688929e+04
7.760503335133571261e-03 1.764383650920020591e+04 1.967580445818397129e+04
7.832382599179196422e-03 1.771978427663172624e+04 1.977860207272389744e+04
7.904927622696419562e-03 1.779531510046718176e+04 1.988123540607517498e+04
7.978144572076628638e-03 1.787041459473877694e+04 1.998364817057989421e+04
8.052039670825470244e-03 1.794506941957185700e+04 2.008583197484144694e+04
8.126619200091946341e-03 1.801926562249287599e+04 2.018778105237470663e+04
8.201889499202202546e-03 1.809298769968357374e+04 2.028945642194237371e+04
8.277856966198472027e-03 1.816622072177275550e+04 2.039083724936061117e+04
8.354528058382871408e-03 1.823895064393517168e+04 2.049191944149704068e+04
8.431909292866251668e-03 1.831116314924526159e+04 2.059268950228797985e+04
8.510007247122246266e-03 1.838284349903851762e+04 2.069312559877484091e+04
8.588828559546249353e-03 1.845397581510653617e+04 2.079319981888263646e+04
8.668379930019773361e-03 1.852454401226872506e+04 2.089289827961977790e+04
8.748668120479913615e-03 1.859453252913158940e+04 2.099220757941814372e+04
8.829699955494083041e-03 1.866392549117308590e+04 2.109110172157835405e+04
8.911482322840202572e-03 1.873270673267489474e+04 2.118955615131413288e+04
8.994022174092043687e-03 1.880086170493923782e+04 2.128755622675869017e+04
9.077326525210224414e-03 1.886837526017114578e+04 2.138510239716815704e+04
9.161402457138520528e-03 1.893522794121000334e+04 2.148216378821313992e+04
9.246257116405733056e-03 1.900140289480455249e+04 2.157870395815662050e+04
9.331897715733238757e-03 1.906688673081512388e+04 2.167471331601959901e+04
9.418331534647951184e-03 1.913166366224918238e+04 2.177017720161434409e+04
9.505565920101191960e-03 1.919571617286116816e+04 2.186506994091794695e+04
9.593608287093146128e-03 1.925902564063924365e+04 2.195936259043357859e+04
9.682466119303123619e-03 1.932157582897654720e+04 2.205305706612251015e+04
9.772146969725723983e-03 1.938335103281565898e+04 2.214611856738556889e+04
9.862658461312821118e-03 1.944433303793010782e+04 2.223848197191098734e+04
9.954008287621518916e-03 1.950450372332497500e+04 2.233013357475658631e+04
1.004620421346813161e-02 1.956384587390094748e+04 2.242122638506349904e+04
1.013925407558815411e-02 1.962234353199124598e+04 2.251135649838639802e+04
1.023316578330244961e-02 1.967997765898624493e+04 2.260023735452706751e+04
1.032794731918951388e-02 1.973672955703425396e+04 2.268935716500327544e+04
1.042360673976401239e-02 1.979258574529911493e+04 2.277767652321152855e+04
1.052015217616159015e-02 1.984752461464756561e+04 2.286468935718639113e+04
1.061759183483000114e-02 1.990152572280140157e+04 2.295102185375081172e+04
1.071593399822671176e-02 1.995457678066341759e+04 2.303633093170160282e+04
1.081518702552288110e-02 2.000665706541057443e+04 2.312076917009098906e+04
1.091535935331391059e-02 2.005774521281073248e+04 2.320435377341770436e+04
1.101645949633657008e-02 2.010782412978803768e+04 2.328696250181949654e+04
1.111849604819271052e-02 2.015688048828833780e+04 2.336859175943713490e+04
1.122147768207980290e-02 2.020489261246491878e+04 2.344929026419434376e+04
1.132541315152811416e-02 2.025183933817243815e+04 2.352884271314821308e+04
1.143031129114478565e-02 2.029770471145794363e+04 2.360735286975320560e+04
1.153618101736478448e-02 2.034247136112162843e+04 2.368481355162124601e+04
1.164303132920876775e-02 2.038611701662627092e+04 2.376112698700289911e+04
1.175087130904807486e-02 2.042862431594302689e+04 2.383633359870278946e+04
1.185971012337669328e-02 2.046997582513247471e+04 2.391040853735763449e+04
1.196955702359042868e-02 2.051014557370567491e+04 2.398319425977475476e+04
1.208042134677328981e-02 2.054912395869558532e+04 2.405492609052128319e+04
1.219231251649110712e-02 2.058688900585149167e+04 2.412524375334920478e+04
1.230524004359261590e-02 2.062341730365354670e+04 2.419429463803899853e+04
1.241921352701783401e-02 2.065869185949475286e+04 2.426212380715460313e+04
1.253424265461399421e-02 2.069269532469476326e+04 2.432864618023080402e+04
1.265033720395903824e-02 2.072541637696215912e+04 2.439370494418859744e+04
1.276750704319265690e-02 2.075682950581073237e+04 2.445737098482100191e+04
1.288576213185517981e-02 2.078690943342862738e+04 2.451972685313082548e+04
1.300511252173408572e-02 2.081564153033358525e+04 2.458050019091532522e+04
1.312556835771842845e-02 2.084301128785351830e+04 2.463992287524179119e+04
1.324713987866117486e-02 2.086899600107253355e+04 2.469776360324341658e+04
1.336983741824946531e-02 2.089357623434531342e+04 2.475406930053481483e+04
1.349367140588306549e-02 2.091673622742211955e+04 2.480877618320915644e+04
1.361865236756081357e-02 2.093845725056796800e+04 2.486185311807328981e+04
1.374479092677536630e-02 2.095871162124863986e+04 2.491340417073561548e+04
1.387209780541620932e-02 2.097748825218141064e+04 2.496320785094669191e+04
1.400058382468097502e-02 2.099476570319634629e+04 2.501130171787809013e+04
1.413025990599533696e-02 2.101052478385431095e+04 2.505774004469042848e+04
1.426113707194128291e-02 2.102475956057784424e+04 2.510240120923741415e+04
1.439322644719406505e-02 2.103743802482162209e+04 2.514531757325166836e+04
1.452653925946781159e-02 2.104853594555016389e+04 2.518641072080194863e+04
1.466108684046984502e-02 2.105805747330168742e+04 2.522571963770347429e+04
1.479688062686396362e-02 2.106597521009492993e+04 2.526257506037371786e+04
1.493393216124251806e-02 2.107226316290986870e+04 2.529839985815892942e+04
1.507225309310755539e-02 2.107691064871924391e+04 2.533216712922050647e+04
1.521185517986104775e-02 2.107990364801999021e+04 2.536365768146396294e+04
1.535275028780422671e-02 2.108122007955080335e+04 2.539332297170089078e+04
1.549495039314631624e-02 2.108084517887145194e+04 2.542083604004833251e+04
1.563846758302246329e-02 2.107876258485871222e+04 2.544634751261486235e+04
1.578331405652117977e-02 2.107495265637780176e+04 2.546985770981817404e+04
1.592950212572123020e-02 2.106939676963997408e+04 2.549117553225258234e+04
1.607704421673823714e-02 2.106209272068666178e+04 2.551048140663897357e+04
1.622595287078087284e-02 2.105302351391346383e+04 2.552750974144364227e+04
1.637624074521687456e-02 2.104215917121979510e+04 2.554224843367260473e+04
1.652792061464895476e-02 2.102950133377497696e+04 2.555464835976792165e+04
1.668100537200059227e-02 2.101501910624041193e+04 2.556557142202637988e+04
1.683550802961202367e-02 2.099871741692267096e+04 2.557375074254113861e+04
1.699144172034626130e-02 2.098056869057970107e+04 2.557958110569206838e+04
1.714881969870539133e-02 2.096056175085733048e+04 2.558310232201913095e+04
1.730765534195725930e-02 2.093868096532355776e+04 2.558448596316312614e+04
1.746796215127245644e-02 2.091493145518057645e+04 2.558261438921270019e+04
1.762975375287205784e-02 2.088927397532379109e+04 2.557974150154046583e+04
1.779304389918577242e-02 2.086173666139573106e+04 2.557316124712384044e+04
1.795784647002094878e-02 2.083225800533768052e+04 2.556532195717850118e+04
1.812417547374237797e-02 2.080087818164918644e+04 2.555442491492800400e+04
1.829204504846293836e-02 2.076754193112904250e+04 2.554069243550536339e+04
1.846146946324547441e-02 2.073228017820429523e+04 2.552582747280575131e+04
1.863246311931559748e-02 2.069505808445818911e+04 2.550609209717014528e+04
1.880504055128581417e-02 2.065589817800925812e+04 2.548664671032230763e+04
1.897921642839101378e-02 2.061474892362691025e+04 2.546299309481412274e+04
1.915500555573527997e-02 2.057164077470920529e+04 2.543689326058305232e+04
1.933242287555045347e-02 2.052653423784922779e+04 2.540830264867622827e+04
1.951148346846616477e-02 2.047946228317407804e+04 2.537759309531223698e+04
1.969220255479171497e-02 2.043038208326489621e+04 2.534313024281188336e+04
1.987459549580983947e-02 2.037932899849205205e+04 2.530740602939372548e+04
2.005867779508234069e-02 2.032628623043138941e+04 2.526770013578235739e+04
2.024446509976803726e-02 2.027122977108263876e+04 2.522591397488816801e+04
2.043197320195270367e-02 2.021417556232207426e+04 2.518245397631066589e+04
2.062121803999142355e-02 2.015513598953722612e+04 2.513507756659169536e+04
2.081221569986339143e-02 2.009409675623384464e+04 2.508550751011410466e+04
2.100498241653915230e-02 2.003106056874967544e+04 2.503316151194141639e+04
2.119953457536070951e-02 1.996606579127905206e+04 2.497915378278185381e+04
2.139588871343421628e-02 1.989904801653943650e+04 2.492174848118811497e+04
2.159406152103565332e-02 1.983005066516650913e+04 2.486111584757606761e+04
2.179406984302955860e-02 1.975909550570763531e+04 2.479874930815102198e+04
2.199593068030074663e-02 1.968612176426393489e+04 2.473277052037189060e+04
2.219966119119954825e-02 1.961121753270025147e+04 2.466450351868918733e+04
2.240527869300018224e-02 1.953438010284200209e+04 2.459355401281291051e+04
2.261280066337277225e-02 1.945559964705942548e+04 2.452069512260732517e+04
2.282224474186898486e-02 1.937484527148701818e+04 2.444433924740053044e+04
2.303362873142131284e-02 1.929220890066922584e+04 2.436642737861893693e+04
2.324697059985647921e-02 1.920764217364702563e+04 2.428473532622244238e+04
2.346228848142262527e-02 1.912120933254495321e+04 2.420073692244049744e+04
2.367960067833076165e-02 1.903289083717607718e+04 2.411459643021130978e+04
2.389892566231050300e-02 1.894270821855764734e+04 2.402563391114008118e+04
2.412028207618006903e-02 1.885073818780397778e+04 2.393395749317951777e+04
2.434368873543110365e-02 1.875687725303961997e+04 2.384084551573560748e+04
2.456916462982790261e-02 1.866126036364124957e+04 2.374407366516744878e+04
2.479672892502157722e-02 1.856387864035054372e+04 2.364573917046557472e+04
2.502640096417919208e-02 1.846474189382895202e+04 2.354469554639001581e+04
2.525820026962784584e-02 1.836388907473934887e+04 2.344033751806732107e+04
2.549214654451423256e-02 1.826131021942237203e+04 2.333455829837009514e+04
2.572825967447932294e-02 1.815710698244850937e+04 2.322649193933496645e+04
2.596655972934869619e-02 1.805124139978141829e+04 2.311600747889265767e+04
2.620706696483852613e-02 1.794382385508556763e+04 2.300354463716339524e+04
2.644980182427720053e-02 1.783474461944238647e+04 2.288931616793001740e+04
2.669478494034320873e-02 1.772417356179640410e+04 2.277226456472250356e+04
2.694203713681882217e-02 1.761210947213269901e+04 2.265294868264366232e+04
2.719157943036018890e-02 1.749856937947225742e+04 2.253203811961908650e+04
2.744343303228365463e-02 1.738359724276228371e+04 2.240912839805023032e+04
2.769761935036891068e-02 1.726722885607756689e+04 2.228461435619005715e+04
2.795415999067856622e-02 1.714957992877658398e+04 2.215790013973254099e+04
2.821307675939470697e-02 1.703059058227809146e+04 2.202950568701425436e+04
2.847439166467247845e-02 1.691032673511756730e+04 2.189907856435418944e+04
2.873812691851066262e-02 1.678889826442801859e+04 2.176725014019163063e+04
2.900430493863991738e-02 1.666627025502072865e+04 2.163390776720175927e+04
2.927294835042815874e-02 1.654252350444466720e+04 2.149927988848286259e+04
2.954407998880380012e-02 1.641773776346611703e+04 2.136255026175288003e+04
2.981772290019673449e-02 1.629196361769400210e+04 2.122477434844985328e+04
3.009390034449721182e-02 1.616518035951959791e+04 2.108573571981764690e+04
3.037263579703311511e-02 1.603753200941243267e+04 2.094575258631071483e+04
3.065395295056526706e-02 1.590904588372924991e+04 2.080427845755177259e+04
3.093787571730136771e-02 1.577969354261321678e+04 2.066166012760271769e+04
3.122442823092858033e-02 1.564967159132555571e+04 2.051818233869833421e+04
3.151363484866478992e-02 1.551892605362027825e+04 2.037358308299947748e+04
3.180552015332920035e-02 1.538753455648699310e+04 2.022839752901389511e+04
3.210010895543171511e-02 1.525568063128170434e+04 2.008266789522952968e+04
3.239742629528195167e-02 1.512330727706894322e+04 1.993609734278915494e+04
3.269749744511767781e-02 1.499046970287270597e+04 1.978875762317897534e+04
3.300034791125285027e-02 1.485730630083922551e+04 1.964131810324835169e+04
3.330600343624588733e-02 1.472380429597493821e+04 1.949319052954779545e+04
3.361449000108764767e-02 1.459012809961265521e+04 1.934499203444516388e+04
3.392583382740992082e-02 1.445619847323123395e+04 1.919660789484643101e+04
3.424006137971425529e-02 1.432220526765909563e+04 1.904798698483810949e+04
3.455719936762139538e-02 1.418814111691010476e+04 1.889949920774313796e+04
3.487727474814177747e-02 1.405416257861568920e+04 1.875083132724631287e+04
3.520031472796678745e-02 1.392026476220138466e+04 1.860237846270448426e+04
3.552634676578139694e-02 1.378652025647554728e+04 1.845432484559916338e+04
3.585539857459817126e-02 1.365304757626993342e+04 1.830654845892664889e+04
3.618749812411280187e-02 1.351982370802562764e+04 1.815950214610123658e+04
3.652267364308175307e-02 1.338699045392944572e+04 1.801264328156076954e+04
3.686095362172157885e-02 1.325465069594568922e+04 1.786656761595324133e+04
3.720236681413065932e-02 1.312277490427660632e+04 1.772118330972898912e+04
3.754694224073337055e-02 1.299146983221072333e+04 1.757679944865718062e+04
3.789470919074667404e-02 1.286081466239036490e+04 1.743299321808475725e+04
3.824569722466999305e-02 1.273085271411613212e+04 1.729052150921046996e+04
3.859993617679767508e-02 1.260172497662791284e+04 1.714890622394546881e+04
3.895745615775501186e-02 1.247338068692923116e+04 1.700853481406719948e+04
3.931828755705769896e-02 1.234598957504966347e+04 1.686923497444502573e+04
3.968246104569481819e-02 1.221953874189899580e+04 1.673132026326670893e+04
4.005000757873611317e-02 1.209412457543130040e+04 1.659484262222610050e+04
4.042095839796305823e-02 1.196982109334249071e+04 1.645993296414591532e+04
4.079534503452449112e-02 1.184663765088224136e+04 1.632638457365533941e+04
4.117319931161678853e-02 1.172473181891916465e+04 1.619452959467676010e+04
4.155455334718875099e-02 1.160404095687796325e+04 1.606424575541550439e+04
4.193943955667186335e-02 1.148467737493125423e+04 1.593560454003103041e+04
4.232789065573548670e-02 1.136674738384690500e+04 1.580906323790190072e+04
4.271993966306776580e-02 1.125017623578362873e+04 1.568396150922502420e+04
4.311561990318228677e-02 1.113512284299407474e+04 1.556097290127329325e+04
4.351496500925049887e-02 1.102153528414174980e+04 1.543991517171215855e+04
4.391800892596085804e-02 1.090957025667389644e+04 1.532057042286361320e+04
4.432478591240395643e-02 1.079920735679437530e+04 1.520335318121261298e+04
4.473533054498463057e-02 1.069047897265313077e+04 1.508817872591745436e+04
4.514967772036102001e-02 1.058347517969819091e+04 1.497487859140817454e+04
4.556786265841063915e-02 1.047815082228674692e+04 1.486395088639142887e+04
4.598992090522438514e-02 1.037459547978348928e+04 1.475464663382458093e+04
4.641588833612777382e-02 1.027283510662821027e+04 1.464796051888633338e+04
4.684580115873045181e-02 1.017281511172818864e+04 1.454286038166051731e+04
4.727969591600390820e-02 1.007470694168260525e+04 1.444029055654702825e+04
4.771760948938745528e-02 9.978383628200474050e+03 1.433914963842989891e+04
4.815957910192350533e-02 9.883930279031281316e+03 1.424072609489796378e+04
4.860564232142133845e-02 9.791345957876361354e+03 1.414362499688110438e+04
4.905583706365045787e-02 9.700645855507080341e+03 1.404916028155635468e+04
4.951020159556351191e-02 9.611814887993734374e+03 1.395626369702650481e+04
4.996877453854883799e-02 9.524845698110018930e+03 1.386525302738788196e+04
5.043159487171358646e-02 9.439753780546176131e+03 1.377652907118557778e+04
5.089870193519679953e-02 9.356532068266533315e+03 1.368927106991607616e+04
5.137013543351343775e-02 9.275144293535438919e+03 1.360365637447030167e+04
5.184593543892913187e-02 9.195596708857085105e+03 1.351986677537061041e+04
5.232614239486661767e-02 9.117873916594027833e+03 1.343749094577234428e+04
5.281079711934331261e-02 9.041889196240503225e+03 1.335661514955413986e+04
5.329994080844088072e-02 8.967678163762646363e+03 1.327733636438329813e+04
5.379361503980702869e-02 8.895160311399333295e+03 1.319923793004804247e+04
5.429186177618942899e-02 8.824353950402521150e+03 1.312203395625341363e+04
5.479472336900287344e-02 8.755126603537722985e+03 1.304608888158458285e+04
5.530224256192900478e-02 8.687502422085528451e+03 1.297129433253247771e+04
5.581446249454960484e-02 8.621409045709453494e+03 1.289732572384217019e+04
5.633142670601357788e-02 8.556745802258130425e+03 1.282389622656606116e+04
5.685317913873753209e-02 8.493497116717242534e+03 1.275089218770605839e+04
5.737976414214134013e-02 8.431601882877455864e+03 1.267833302205343898e+04
5.791122647641758214e-02 8.370948841690604240e+03 1.260604678265637813e+04
5.844761131633631479e-02 8.311455961562696757e+03 1.253376417756650153e+04
5.898896425508499269e-02 8.253074418532240088e+03 1.246134124401430563e+04
5.953533130814370189e-02 8.195715084728857619e+03 1.238869865737830332e+04
6.008675891719687107e-02 8.139273511286562098e+03 1.231573295577585122e+04
6.064329395408061402e-02 8.083649094095959299e+03 1.224232144376989891e+04
6.120498372476696619e-02 8.028749568022350104e+03 1.216829787896410562e+04
6.177187597338494596e-02 7.974483786230197438e+03 1.209341812267744535e+04
6.234401888627864180e-02 7.920756025246739227e+03 1.201743861700045272e+04
6.292146109610344262e-02 7.867445794425900203e+03 1.194019645757379476e+04
6.350425168595962011e-02 7.814426853968842806e+03 1.186157215476002420e+04
6.409244019356449829e-02 7.761585368365932482e+03 1.178144368488939836e+04
6.468607661546327270e-02 7.708815715113876649e+03 1.169967557498896895e+04
6.528521141127847927e-02 7.656026696068765887e+03 1.161612852540525637e+04
6.588989550799949357e-02 7.603118165969805887e+03 1.153066513625427251e+04
6.650018030431117944e-02 7.549954789647733378e+03 1.144315737781264397e+04
6.711611767496279690e-02 7.496398056178718434e+03 1.135348010384936970e+04
6.773775997517751668e-02 7.442335145363585980e+03 1.126151148010336510e+04
6.836516004510238831e-02 7.387664001869235108e+03 1.116717026810129028e+04
6.899837121430017761e-02 7.332279563444910309e+03 1.107040245484822117e+04
6.963744730628222690e-02 7.276072349129959548e+03 1.097115453852242536e+04
7.028244264308344813e-02 7.218933462626526307e+03 1.086937780901424776e+04
7.093341204987996251e-02 7.160764839036933154e+03 1.076503631211971515e+04
7.159041085964888695e-02 7.101475401844661064e+03 1.065809619295374068e+04
7.225349491787214085e-02 7.040975429013643407e+03 1.054852523108206151e+04
7.292272058728312134e-02 6.979186724122876512e+03 1.043634627686747808e+04
7.359814475265763489e-02 6.916037359117048254e+03 1.032164917307707401e+04
7.427982482564918221e-02 6.851455769783752658e+03 1.020452728906962147e+04
7.496781874966876313e-02 6.785382779164219755e+03 1.008503872044579293e+04
7.566218500481054765e-02 6.717777332601867784e+03 9.963254318694403992e+03
7.636298261282241373e-02 6.648599937773361489e+03 9.839305484437098130e+03
7.707027114212294805e-02 6.577819830437964811e+03 9.713325670375326808e+03
7.778411071286489564e-02 6.505431660614969587e+03 9.585451509145979799e+03
7.850456200204508628e-02 6.431434678565382455e+03 9.455861018178593440e+03
7.923168624866253062e-02 6.355828916608579675e+03 9.324761174321038197e+03
7.996554525892346499e-02 6.278636393618193324e+03 9.192359549558899744e+03
8.070620141149499605e-02 6.199903597032196558e+03 9.058867459152448646e+03
8.145371766280745662e-02 6.119678294529835512e+03 8.924536759204000191e+03
8.220815755240540312e-02 6.038010556723444097e+03 8.789644114642922432e+03
8.296958520834907258e-02 5.954979237986509361e+03 8.654466547383728539e+03
8.373806535266489770e-02 5.870682765237645071e+03 8.519281409672985319e+03
8.451366330684713379e-02 5.785219939746432829e+03 8.384368746113392262e+03
8.529644499741025065e-02 5.698692585011928713e+03 8.250009913757159666e+03
8.608647696149245021e-02 5.611230312244470042e+03 8.116486278482817397e+03
8.688382635251183650e-02 5.522977694357783548e+03 7.984081245690994365e+03
8.768856094587426653e-02 5.434079448824981228e+03 7.853088569895802721e+03
8.850074914473438081e-02 5.344682880053940607e+03 7.723805280252843659e+03
8.932045998580968871e-02 5.254955476512574933e+03 7.596528353022210467e+03
9.014776314524917955e-02 5.165074207441593899e+03 7.471534596295386109e+03
9.098272894455558535e-02 5.075216096937214388e+03 7.349050545838700600e+03
9.182542835656282154e-02 4.985559535039851653e+03 7.229295034704358841e+03
9.267593301146882789e-02 4.896291530663418598e+03 7.112486409976010691e+03
9.353431520292386503e-02 4.807602445274666024e+03 6.998831846153478182e+03
9.440064789417602908e-02 4.719682647845552310e+03 6.888527347759364602e+03
9.527500472427290201e-02 4.632720984805482658e+03 6.781768433869045111e+03
9.615746001432096124e-02 4.546899716511316001e+03 6.678733830865766322e+03
9.704808877380306786e-02 4.462399322895086698e+03 6.579522517914700984e+03
9.794696670695395013e-02 4.379400253369305574e+03 6.484209825957806970e+03
9.885417021919573610e-02 4.298074537048932143e+03 6.392869567136298429e+03
9.976977642363200893e-02 4.218574350219410917e+03 6.305538856241545545e+03
1.006938631476027024e-01 4.141049009565143024e+03 6.222217052109724136e+03
1.016265089392995175e-01 4.065646949537881937e+03 6.142901730971852885e+03
1.025677930744421928e-01 3.992494646059245952e+03 6.067558316337805991e+03
1.035177955630176283e-01 3.921695648321994668e+03 5.996066228144184606e+03
1.044765971560804169e-01 3.853352429533507348e+03 5.928290659186707671e+03
1.054442793526168404e-01 3.787560611171349592e+03 5.864089072546926218e+03
1.064209244064724669e-01 3.724377512759942874e+03 5.803274542922434193e+03
1.074066153333433360e-01 3.663847151027562631e+03 5.745644330124558110e+03
1.084014359178330916e-01 3.606012843252059611e+03 5.690989279321818685e+03
1.094054707205742438e-01 3.550891034291968481e+03 5.639038117091305139e+03
1.104188050854160164e-01 3.498463146743502875e+03 5.589484625949585279e+03
1.114415251466788076e-01 3.448708251088059114e+03 5.542020420078461939e+03
1.124737178364751955e-01 3.401594629096151948e+03 5.496314569488513371e+03
1.135154708920999012e-01 3.357048718670276685e+03 5.452020659604955654e+03
1.145668728634871431e-01 3.314986814592779865e+03 5.408789626541619327e+03
1.156280131207375328e-01 3.275321543469284279e+03 5.366243715552399408e+03
1.166989818617147484e-01 3.237930244846826099e+03 5.323985962147195096e+03
1.177798701197119297e-01 3.202670559135581243e+03 5.281623310021278485e+03
1.188707697711903349e-01 3.169398705325226729e+03 5.238800776498423147e+03
1.199717735435884280e-01 3.137946143399722587e+03 5.195183408097396750e+03
1.210829750232039481e-01 3.108121134977565362e+03 5.150434250470751067e+03
1.222044686631488658e-01 3.079730621727193466e+03 5.104204823868979474e+03
1.233363497913776002e-01 3.052566762742681021e+03 5.056142936619679858e+03
1.244787146187906202e-01 3.026403474492936766e+03 5.005937463858936098e+03
1.256316602474120137e-01 3.001013413256419881e+03 4.953384480863796853e+03
1.267952846786433996e-01 2.976164054494716311e+03 4.898300388983869198e+03
1.279696868215941530e-01 2.951616138290708022e+03 4.840591308513306103e+03
1.291549665014883885e-01 2.927130164332554614e+03 4.780265453658523256e+03
1.303512244681508947e-01 2.902472479485738404e+03 4.717334875468645805e+03
1.315585624045703950e-01 2.877415901444807787e+03 4.651799860778399307e+03
1.327770829355429116e-01 2.851735083313349605e+03 4.583656520425953204e+03
1.340068896363950657e-01 2.825227136073825477e+03 4.512991689885369851e+03
1.352480870417875347e-01 2.797706465701717661e+03 4.440066134269035501e+03
1.365007806546013891e-01 2.768993936758824930e+03 4.365164163524751530e+03
1.377650769549053633e-01 2.738953197014780471e+03 4.288604153183808194e+03
1.390410834090069769e-01 2.707466451016793599e+03 4.210722402706458524e+03
1.403289084785873109e-01 2.674434422245825317e+03 4.131875706182560862e+03
1.416286616299198831e-01 2.639813659868485956e+03 4.052455666942440075e+03
1.429404533431760937e-01 2.603572556616534257e+03 3.972868392095405852e+03
1.442643951218157417e-01 2.565720147018139869e+03 3.893579999985890481e+03
1.456005995020648591e-01 2.526312766586429461e+03 3.815073779602096238e+03
1.469491800624817268e-01 2.485418109807159908e+03 3.737778460329346217e+03
1.483102514336104294e-01 2.443158173090918353e+03 3.662075495106405015e+03
1.496839293077255606e-01 2.399676262499411223e+03 3.588344295073386093e+03
1.510703304486654130e-01 2.355140435072076798e+03 3.516963366225945265e+03
1.524695727017572888e-01 2.309757897529895217e+03 3.448280862180114582e+03
1.538817750038346255e-01 2.263743423557843471e+03 3.382528239480824595e+03
1.553070573933459930e-01 2.217337288764717414e+03 3.319903649965810018e+03
1.567455410205594868e-01 2.170789715844364764e+03 3.260568245012247189e+03
1.581973481578599905e-01 2.124355695288816150e+03 3.204660114668370170e+03
1.596626022101425013e-01 2.078295787247821409e+03 3.152232106547537114e+03
1.611414277253019889e-01 2.032867067692263163e+03 3.103275900369205374e+03
1.626339504048192330e-01 1.988314479137129638e+03 3.057703994670284374e+03
1.641402971144466372e-01 1.944877387496801020e+03 3.015356721563951851e+03
1.656605958949913526e-01 1.902768809268004361e+03 2.976044264677898354e+03
1.671949759731990170e-01 1.862187374972971156e+03 2.939543699624199235e+03
1.687435677727375793e-01 1.823301581344015176e+03 2.905544447533387483e+03
1.703065029252844309e-01 1.786249514114605063e+03 2.873631689351659588e+03
1.718839142817145671e-01 1.751143543937695767e+03 2.843414956820328371e+03
1.734759359233930820e-01 1.718052442482310425e+03 2.814539968558414330e+03
1.750827031735725237e-01 1.687023081183144086e+03 2.786618740026492560e+03
1.767043526088946659e-01 1.658051715296381644e+03 2.759224429580536707e+03
1.783410220710008043e-01 1.631114010928130483e+03 2.731946845992355520e+03
1.799928506782476345e-01 1.606136513576707330e+03 2.704390223788042022e+03
1.816599788375326818e-01 1.583024593708257498e+03 2.676124198251204234e+03
1.833425482562290598e-01 1.561638592205335954e+03 2.646704085099006988e+03
1.850407019542302245e-01 1.541818870771054208e+03 2.615765636860415725e+03
1.867545842761076103e-01 1.523378065489979235e+03 2.583023297738648580e+03
1.884843409033795381e-01 1.506111253353067241e+03 2.548379698360344719e+03
1.902301188668943932e-01 1.489770036532397853e+03 2.511789615342445813e+03
1.919920665593284892e-01 1.474100976625571775e+03 2.473202613539653157e+03
1.937703337477988952e-01 1.458934342765578094e+03 2.432683204708555877e+03
1.955650715865949185e-01 1.444104926909084725e+03 2.390457736413189195e+03
1.973764326300255501e-01 1.429298133712098434e+03 2.346776243952637742e+03
1.992045708453869246e-01 1.414181818251188815e+03 2.301921658633237712e+03
2.010496416260499075e-01 1.398550001619590148e+03 2.256302176328254973e+03
2.029118018046678074e-01 1.382232097783325571e+03 2.210328200306385497e+03
2.047912096665085446e-01 1.365068742044095643e+03 2.164338576641243890e+03
2.066880249629081956e-01 1.346934414370206696e+03 2.118759233490129191e+03
2.086024089248502689e-01 1.327761193036956001e+03 2.074063030064196937e+03
2.105345242766706038e-01 1.307521003980697969e+03 2.030559739896148130e+03
2.124845352498882789e-01 1.286227516733139737e+03 1.988540772327276954e+03
2.144526075971667500e-01 1.263952677095523768e+03 1.948332445136623846e+03
2.164389086064020251e-01 1.240809605033315165e+03 1.910102103079457038e+03
2.184436071149426228e-01 1.216946917956315019e+03 1.873957008003969349e+03
2.204668735239409816e-01 1.192537464747999820e+03 1.840064064505785836e+03
2.225088798128369294e-01 1.167783679167670471e+03 1.808442783960634642e+03
2.245697995539774061e-01 1.142895881278369188e+03 1.778997860725608689e+03
2.266498079273692734e-01 1.118088092247654004e+03 1.751629345777280150e+03
2.287490817355701811e-01 1.093573061171466179e+03 1.726165703072850420e+03
2.308677994187169624e-01 1.069552702965660274e+03 1.702367493014119418e+03
2.330061410696924740e-01 1.046205392287692575e+03 1.679954018703942893e+03
2.351642884494348495e-01 1.023693948325591805e+03 1.658564897485113988e+03
2.373424250023866144e-01 1.002162255343434026e+03 1.637822608012595538e+03
2.395407358720876845e-01 9.817163254435728277e+02 1.617407733556733092e+03
2.417594079169130827e-01 9.624322782202793860e+02 1.596936867026366144e+03
2.439986297259550130e-01 9.443548237483122421e+02 1.576083479374554599e+03
2.462585916350546744e-01 9.274905685310942545e+02 1.554637935861465849e+03
2.485394857429798487e-01 9.118102054869644917e+02 1.532386090576919059e+03
2.508415059277538384e-01 8.972449079852701743e+02 1.509231390067763869e+03
2.531648478631355337e-01 8.836903462411405599e+02 1.485098403601703694e+03
2.555097090352507205e-01 8.710124050565275411e+02 1.459872299205344007e+03
2.578762887593800679e-01 8.590492401682615764e+02 1.433774693559990737e+03
2.602647881969004651e-01 8.476212912970571551e+02 1.406945995125621948e+03
2.626754103723835665e-01 8.365417383147907913e+02 1.379525886952842484e+03
2.651083601908538756e-01 8.256243886592413901e+02 1.351842211853067738e+03
2.675638444552045359e-01 8.146942558813951791e+02 1.324162945137215274e+03
2.700420718837772682e-01 8.035962130431112200e+02 1.296767704158125525e+03
2.725432531281027915e-01 7.922008161729851281e+02 1.269940196116183870e+03
2.750676007908064435e-01 7.804106393437899669e+02 1.243970549121331260e+03
2.776153294436801144e-01 7.681645314940719800e+02 1.219126890166243129e+03
2.801866556459195468e-01 7.554333831522041010e+02 1.195492303538282158e+03
2.827817979625341094e-01 7.422228954806710135e+02 1.173136928520823403e+03
2.854009769829237708e-01 7.285830064057120126e+02 1.152120823819503812e+03
2.880444153396297668e-01 7.145902587838695581e+02 1.132395663663237883e+03
2.907123377272578524e-01 7.003498282123262015e+02 1.113835714135209173e+03
2.934049709215786894e-01 6.859926081621534877e+02 1.096296915669690179e+03
2.961225437988034281e-01 6.716624913977220785e+02 1.079470121711842012e+03
2.988652873550382560e-01 6.575116849215607999e+02 1.063278294136960540e+03
3.016334347259197468e-01 6.436842819468103016e+02 1.047391247863441549e+03
3.044272212064302874e-01 6.303067480813599559e+02 1.031655605582806174e+03
3.072468842709003556e-01 6.174791519181720787e+02 1.015854292790541649e+03
3.100926635931926523e-01 6.052661557197419597e+02 9.997767412502371371e+02
3.129648010670750269e-01 5.937067069516818947e+02 9.833712767877021861e+02
3.158635408267819189e-01 5.827976195415467373e+02 9.665246413328903827e+02
3.187891292677645927e-01 5.725077413865343487e+02 9.492857901462205064e+02
3.217418150676371602e-01 5.627848492962771161e+02 9.317082847158701497e+02
3.247218492073128959e-01 5.535523924859483031e+02 9.138999403913804827e+02
3.277294849923382269e-01 5.447203709698021612e+02 8.959899880593267198e+02
3.307649780744242318e-01 5.361903872121654331e+02 8.781879633776561604e+02
3.338285864731760921e-01 5.278558994430433131e+02 8.606235322776069552e+02
3.369205705980267140e-01 5.196121526467558169e+02 8.434790834032507973e+02
3.400411932703706341e-01 5.113626065985211540e+02 8.268374739981275070e+02
3.431907197459042602e-01 5.030264130659219290e+02 8.108751421159379333e+02
3.463694177371734462e-01 4.945475498987620995e+02 7.956074351931463298e+02
3.495775574363275129e-01 4.858993652411331823e+02 7.810187193232898153e+02
3.528154115380883193e-01 4.770856938151051736e+02 7.671252652234938978e+02
3.560832552629277781e-01 4.681386545568350357e+02 7.538153473920436909e+02
3.593813663804625858e-01 4.591099341716809477e+02 7.410437815671314183e+02
3.627100252330648367e-01 4.500651109178272122e+02 7.285874798020063281e+02
3.660695147596902399e-01 4.410751080698964870e+02 7.163155299086604373e+02
3.694601205199302685e-01 4.322119775720868233e+02 7.041731834574927689e+02
3.728821307182833555e-01 4.235424938975666578e+02 6.920297330335343986e+02
3.763358362286532977e-01 4.151266072050078151e+02 6.798047913059552911e+02
3.798215306190736440e-01 4.070111804296328728e+02 6.674762399273032543e+02
3.833395101766601254e-01 3.992259441139535170e+02 6.551281892441736545e+02
3.868900739327975624e-01 3.917769261800158915e+02 6.427049923270442378e+02
3.904735236885559790e-01 3.846501698624326764e+02 6.302791918237026039e+02
3.940901640403447481e-01 3.778055413960425994e+02 6.180026450414080728e+02
3.977403024058036585e-01 3.711899751824507803e+02 6.058979224211818746e+02
4.014242490499321803e-01 3.647460617221021835e+02 5.940701790395137323e+02
4.051423171114647559e-01 3.584181060396165890e+02 5.825735310057082188e+02
4.088948226294860100e-01 3.521602752098477822e+02 5.714403738596755602e+02
4.126820845702952045e-01 3.459377708274951146e+02 5.606696751561030396e+02
4.165044248545184957e-01 3.397254871305776760e+02 5.502483383968101407e+02
4.203621683844713797e-01 3.335092014739024080e+02 5.401406713966828192e+02
4.242556430717777105e-01 3.272853868170287228e+02 5.303054561351981420e+02
4.281851798652411278e-01 3.210634068929772411e+02 5.207016441044623889e+02
4.321511127789762208e-01 3.148664852480154082e+02 5.112656350870887536e+02
4.361537789208005944e-01 3.087277851272442035e+02 5.019435949713897003e+02
4.401935185208874501e-01 3.026821362120545587e+02 4.927117030038813823e+02
4.442706749606882832e-01 2.967605475764391940e+02 4.834980491502453219e+02
4.483855948021185922e-01 2.909841549487455836e+02 4.743299635029489423e+02
4.525386278170166476e-01 2.853649097739390186e+02 4.651997812840103279e+02
4.567301270168747096e-01 2.799071146794707943e+02 4.561862985989659478e+02
4.609604486828433600e-01 2.746117611168181725e+02 4.472922925449114473e+02
4.652299523960189420e-01 2.694734890031925261e+02 4.385663793193983224e+02
4.695390010680057791e-01 2.644790353377279644e+02 4.300107044370636231e+02
4.738879609717651098e-01 2.596075170869104909e+02 4.216865033947985921e+02
4.782772017727485170e-01 2.548300807918441819e+02 4.135975450365086203e+02
4.827070965603182939e-01 2.501199012205190115e+02 4.057366090089684008e+02
4.871780218794630746e-01 2.454581441230930352e+02 3.980719583701034594e+02
4.916903577628026212e-01 2.408356883974439597e+02 3.905613415863525688e+02
4.962444877628913176e-01 2.362518400295192862e+02 3.832071006250389473e+02
5.008407989848212560e-01 2.317097867911517142e+02 3.759441624238237978e+02
5.054796821191240852e-01 2.272154329921613964e+02 3.687659429870138297e+02
5.101615314749833319e-01 2.227796716770014314e+02 3.616587742106934229e+02
5.148867450137492030e-01 2.184186623619354464e+02 3.546559650347122670e+02
5.196557243827657491e-01 2.141509304988727820e+02 3.477154838802317727e+02
5.244688749495118874e-01 2.099897847411777150e+02 3.408926970732612745e+02
5.293266058360561743e-01 2.059378808399800391e+02 3.341927252748479305e+02
5.342293299538352080e-01 2.019881028121346560e+02 3.276530477656799576e+02
5.391774640387499984e-01 1.981291410498606069e+02 3.212507566187472321e+02
5.441714286865892980e-01 1.943506094795722277e+02 3.149918040670254982e+02
5.492116483887788947e-01 1.906447849917314841e+02 3.088745502589979992e+02
5.542985515684668574e-01 1.870017848797999420e+02 3.028878461787436436e+02
5.594325706169377410e-01 1.834113891010123041e+02 2.970193936881739205e+02
5.646141419303667419e-01 1.798664142792439407e+02 2.912352503243076853e+02
5.698437059469142474e-01 1.763674839654166817e+02 2.855469159581578538e+02
5.751217071841613349e-01 1.729221624283948415e+02 2.799542052840347992e+02
5.804485942768977669e-01 1.695370583291096409e+02 2.744337457834794805e+02
5.858248200152536000e-01 1.662148016670117272e+02 2.690210674408145337e+02
5.912508413831875087e-01 1.629552392028920451e+02 2.636926768115956179e+02
5.967271195973316011e-01 1.597599895595769794e+02 2.584737574826495461e+02
6.022541201461928395e-01 1.566329513670250719e+02 2.533520175872789935e+02
6.078323128297229427e-01 1.535752745835756343e+02 2.483345769392081479e+02
6.134621717992505552e-01 1.505812115462360055e+02 2.434299807369454811e+02
6.191441755977841188e-01 1.476432065912866562e+02 2.386145517022657714e+02
6.248788072006894456e-01 1.447572022199289847e+02 2.339011496224539428e+02
6.306665540567405470e-01 1.419224146322031572e+02 2.292639389705706492e+02
6.365079081295571539e-01 1.391376577693473280e+02 2.247173159820073920e+02
6.424033659394190465e-01 1.363987577725348217e+02 2.202432395749320619e+02
6.483534286054720708e-01 1.337032770331103109e+02 2.158361665825555065e+02
6.543586018883236211e-01 1.310545925198310897e+02 2.115335021623780847e+02
6.604193962330304757e-01 1.284578098502437911e+02 2.072988979982601165e+02
6.665363268124913088e-01 1.259134504201088021e+02 2.031421963504374162e+02
6.727099135712336642e-01 1.234180692171990472e+02 1.990721942436622953e+02
6.789406812696106019e-01 1.209704413069170243e+02 1.950847177702508191e+02
6.852291595284064618e-01 1.185718238416773005e+02 1.911801804439062664e+02
6.915758828738525210e-01 1.162216345626266047e+02 1.873419309845553755e+02
6.979813907830659803e-01 1.139146716289696428e+02 1.835768249612125089e+02
7.044462277299037289e-01 1.116474787639938313e+02 1.798893072619686109e+02
7.109709432312431021e-01 1.094214547229133672e+02 1.762549418729360013e+02
7.175560918936928489e-01 1.072380712910714919e+02 1.726955775453734816e+02
7.242022334607315370e-01 1.050948907522521836e+02 1.692030108954877790e+02
7.309099328602910450e-01 1.029895487788949424e+02 1.657831496329455376e+02
7.376797602527730424e-01 1.009243478392648825e+02 1.624268788649174553e+02
7.445122910795135551e-01 9.890142848143825915e+01 1.591351973966166327e+02
7.514081061116969495e-01 9.691774366279054220e+01 1.559090394446751873e+02
7.583677914997191127e-01 9.497099178548089071e+01 1.527455270955696847e+02
7.653919388230148169e-01 9.306111717911188919e+01 1.496423274861819834e+02
7.724811451403400531e-01 9.118752342446528303e+01 1.465984810044950279e+02
7.796360130405228794e-01 8.934958740377777531e+01 1.436130289564858913e+02
7.868571506936851145e-01 8.754668599928592698e+01 1.406850126481312486e+02
7.941451719029339884e-01 8.577819609322666849e+01 1.378134733854084288e+02
8.015006961565405152e-01 8.404349456783663186e+01 1.349974524742943913e+02
8.089243486805938188e-01 8.234195830535229277e+01 1.322359912207657828e+02
8.164167604921463983e-01 8.067296653400765649e+01 1.295281309307996764e+02
8.239785684528520004e-01 7.903593343986153741e+01 1.268729129103728468e+02
8.316104153230962082e-01 7.743030004548408840e+01 1.242693788675804427e+02
8.393129498166364000e-01 7.585550805950725817e+01 1.217166118205441734e+02
8.470868266557401993e-01 7.431099919056298120e+01 1.192137713418817953e+02
8.549327066268376241e-01 7.279621514728327725e+01 1.167600253076633692e+02
8.628512566366896008e-01 7.131059763830008080e+01 1.143545415939588281e+02
8.708431497690723999e-01 6.985358837224575268e+01 1.119964880768387729e+02
8.789090653419954213e-01 6.842462905775212789e+01 1.096850326323730229e+02
8.870496889654403416e-01 6.702316140345121198e+01 1.074193431366316247e+02
8.952657125996391629e-01 6.564863861709086734e+01 1.051985874656847528e+02
9.035578346138929406e-01 6.430059590034403527e+01 1.030219334956023260e+02
9.119267598459298574e-01 6.297860406592725013e+01 1.008885491024547605e+02
9.203731996618220723e-01 6.168223407152170523e+01 9.879760216231206016e+01
9.288978720164497993e-01 6.041105687480851572e+01 9.674826055124424329e+01
9.375015015145289343e-01 5.916464343346878962e+01 9.473969214532125704e+01
9.461848194722002336e-01 5.794256470518398316e+01 9.277106482061354598e+01
9.549485639791965852e-01 5.674439164763520438e+01 9.084157019225229135e+01
9.637934799615786030e-01 5.556969521850358973e+01 8.895050011045204030e+01
9.727203192450537550e-01 5.441804637547040358e+01 8.709717287645541717e+01
9.817298406188841309e-01 5.328901607621669712e+01 8.528090679165167387e+01
9.908228099003797418e-01 5.218217527842391235e+01 8.350102015743064499e+01
1.000000000000000000e+00 5.109709493977315731e+01 8.175683127518168192e+01
