# k [1/Mpc]   d_b d_idm_drmd  d_ncdm[0] 
1.047714807896046352e-05 9.927532164947792167e-04 9.927532392783593607e-04 9.927532392783539397e-04 9.936645554372103371e-04
2.425865670102848729e-05 5.322131833103738684e-03 5.322132487640509821e-03 5.322132487640351961e-03 5.326263078423871047e-03
3.809347958375449350e-05 1.312344699723989004e-02 1.312345097412478956e-02 1.312345097412381464e-02 1.313028369090093843e-02
5.202423462363821457e-05 2.447654101756659845e-02 2.447655483672117951e-02 2.447655483671778293e-02 2.448020690939122640e-02
6.609432399906773595e-05 3.950539491592808261e-02 3.950543086372200474e-02 3.950543086371312990e-02 3.949192433118776935e-02
8.034837693025915107e-05 5.838066517941027656e-02 5.838074354532698379e-02 5.838074354530767285e-02 5.832483223872811373e-02
9.483270821592908748e-05 8.132330818553035190e-02 8.132345991976340505e-02 8.132345991972593502e-02 8.118482373676334796e-02
1.095957994619066927e-04 1.086094052824801148e-01 1.086096752248664893e-01 1.086096752247995567e-01 1.083282515936399015e-01
1.246888099615321125e-04 1.405763363175635550e-01 1.405767871929737567e-01 1.405767871928616242e-01 1.400669528229636085e-01
1.401661242203100087e-04 1.776304933793026730e-01 1.776312107632433135e-01 1.776312107630644010e-01 1.767744495480095268e-01
1.560859430775380534e-04 2.202567782026803311e-01 2.202578768111604912e-01 2.202578768108854335e-01 2.188934663550340110e-01
1.725109251804780321e-04 2.690301837051546352e-01 2.690318152561280707e-01 2.690318152557174547e-01 2.669449268131119379e-01
1.895088850932472719e-04 3.246298240044082073e-01 3.246321872949375908e-01 3.246321872943400688e-01 3.215386113278320135e-01
2.071535534087100663e-04 3.878558525913283206e-01 3.878592062447079325e-01 3.878592062438547261e-01 3.833856748005299853e-01
2.255254026532327977e-04 4.596497931721848507e-01 4.596544718800086304e-01 4.596544718788059258e-01 4.533132331402855986e-01
2.447125402309895657e-04 5.411188764936019080e-01 5.411253118616686786e-01 5.411253118599572698e-01 5.322812023214447130e-01
2.648116657527607503e-04 6.335651916457747390e-01 6.335739384982146394e-01 6.335739384958207765e-01 6.214015885156874974e-01
2.859290843315902470e-04 7.385202557629143572e-01 7.385320259717210734e-01 7.385320259684182709e-01 7.219602617328970684e-01
3.081817591873890435e-04 8.577860772052693372e-01 8.578017824807965264e-01 8.578017824762881327e-01 8.354412336796097627e-01
3.316983754668269085e-04 9.934835494582825444e-01 9.935043560282859065e-01 9.935043560221826775e-01 9.635531824644059107e-01
3.566203717865996459e-04 1.148109117513774091e+00 1.148136514990016455e+00 1.148136514981805023e+00 1.108257695625416650e+00
3.831028759476711875e-04 1.324600515366356035e+00 1.324636403155552866e+00 1.324636403144556995e+00 1.271798252880081304e+00
4.113154561310630839e-04 1.526412150734843154e+00 1.526458945879560991e+00 1.526458945864890282e+00 1.456728433926527622e+00
4.414425689055158559e-04 1.757600170686152818e+00 1.757660939158064428e+00 1.757660939138535827e+00 1.665937047559780559e+00
4.736835519768956395e-04 2.022916486132094960e+00 2.022995105730422960e+00 2.022995105704465502e+00 1.902667087870340001e+00
5.082519761235865111e-04 2.327909849999897141e+00 2.328011196611235789e+00 2.328011196576762476e+00 2.170524548629098938e+00
5.453741432546232787e-04 2.679030340874493543e+00 2.679160510573770360e+00 2.679160510527996752e+00 2.473472436307746936e+00
5.852865054531266936e-04 3.083731546330631179e+00 3.083898089368790618e+00 3.083898089307996138e+00 2.815805205803609379e+00
6.282317961029151810e-04 3.550562127566315507e+00 3.550774306276903047e+00 3.550774306196124552e+00 3.202099705913258987e+00
6.744537237042955895e-04 4.089235804620516390e+00 4.089504828870595077e+00 4.089504828763211641e+00 3.637140948429713916e+00
7.241901953067874428e-04 4.710666482307993341e+00 4.711005700141136288e+00 4.711005699998318086e+00 4.125825216772009973e+00
7.776652156325312287e-04 5.426954105359052427e+00 5.427379114361523982e+00 5.427379114171531072e+00 4.673048611979986333e+00
8.350798404805300813e-04 6.251307716134746784e+00 6.251836336907357961e+00 6.251836336654656989e+00 5.283595096421461967e+00
8.966028169947614810e-04 7.197895707151420019e+00 7.198547785264135079e+00 7.198547784928241988e+00 5.962041630816131033e+00
9.623617633159636158e-04 8.281620602738083647e+00 8.282417614090535452e+00 8.282417613644643239e+00 6.712696162787666232e+00
1.032435856466348530e-03 9.517824454678029511e+00 9.518788927233348574e+00 9.518788926642631765e+00 7.539572553305929681e+00
1.106850948344114327e-03 1.092194232340730942e+01 1.092309719250458855e+01 1.092309719172421723e+01 8.446387256215531991e+00
1.185577789666155540e-03 1.250913076979058403e+01 1.251049865745853396e+01 1.251049865643127212e+01 9.436539083959043950e+00
1.268533641495191676e-03 1.429390180792606380e+01 1.429550461674320516e+01 1.429550461539681727e+01 1.051301711448619969e+01
1.355587080258925919e-03 1.628979590694113355e+01 1.629165467263387157e+01 1.629165467087810271e+01 1.167819004609643052e+01
1.446565370112438877e-03 1.850911826639731572e+01 1.851125369164209999e+01 1.851125368936551752e+01 1.293346431682076236e+01
1.541263487604211096e-03 2.096275451879336771e+01 2.096518799718341342e+01 2.096518799424976365e+01 1.427885911785233297e+01
1.639453789695931828e-03 2.366006970679147869e+01 2.366282509381201749e+01 2.366282509005660017e+01 1.571260617648027491e+01
1.740895407317079703e-03 2.660888481009349960e+01 2.661199053338527065e+01 2.661199052861093151e+01 1.723091323798206886e+01
1.845342665571796277e-03 2.981551752974213088e+01 2.981900895490504766e+01 2.981900894887838049e+01 1.882800584746557604e+01
1.952552103061149001e-03 3.328487223624383518e+01 3.328879353211840453e+01 3.328879352456536367e+01 2.049648348657049368e+01
2.062287920482404596e-03 3.702056121983074632e+01 3.702496685542135424e+01 3.702496684602316179e+01 2.222792014095566060e+01
2.174325891329250814e-03 4.102504454523862876e+01 4.102999948980676237e+01 4.102999947819547089e+01 2.401355190998295797e+01
2.288455900238823594e-03 4.529977340482333403e+01 4.530535249641366136e+01 4.530535248216814637e+01 2.584486809244693362e+01
2.404483342060655636e-03 4.984533072528667219e+01 4.985161697608264575e+01 4.985161695872412224e+01 2.771397423329470655e+01
2.522229632075637887e-03 5.466156118492554583e+01 5.466864331901415142e+01 5.466864329800166900e+01 2.961369992258759254e+01
2.641532062460476282e-03 5.974769037326733212e+01 5.975566034758641365e+01 5.975566032231265723e+01 3.153754348295045062e+01
2.762243207347661340e-03 6.510242518400386302e+01 6.511137581317123590e+01 6.511137578295806350e+01 3.347960115217632904e+01
2.884230039853345664e-03 7.072404648370581981e+01 7.073406996468162333e+01 7.073406992877589516e+01 3.543462389490565556e+01
2.962962962962962816e-03 7.446329295027356920e+01 7.447405141278019869e+01 7.447405137279683629e+01 3.669133533208822939e+01
3.007372886280253090e-03 7.661048562476933910e+01 7.662167315693869796e+01 7.662167311450771479e+01 3.739823478118964317e+01
3.131564309079152338e-03 8.275938517446866172e+01 8.277182789491860149e+01 8.277182784504555002e+01 3.936721403531509367e+01
3.256707982515841433e-03 8.916815720555705127e+01 8.918194816802513003e+01 8.918194810970545916e+01 4.133966250350563598e+01
3.382717603408286807e-03 9.583402576258909278e+01 9.584926342666184951e+01 9.584926335879838177e+01 4.331482822676220223e+01
3.509515863126496434e-03 1.027540621312341358e+02 1.027708532994023614e+02 1.027708532208010723e+02 4.529250136176824526e+01
3.637033495363205769e-03 1.099252245489021504e+02 1.099436874992007205e+02 1.099436874085666460e+02 4.727206892954136208e+01
3.765208406034812466e-03 1.173443746579016533e+02 1.173646418314680915e+02 1.173646417274007661e+02 4.925149751562257450e+01
3.893984886203317834e-03 1.250083094137640956e+02 1.250305281797523804e+02 1.250305280607413465e+02 5.122668650852667582e+01
4.023312905409058733e-03 1.329137740224951756e+02 1.329381064557684908e+02 1.329381063201901156e+02 5.319151827942179978e+01
4.153147480707731695e-03 1.410574767827819471e+02 1.410840986080961272e+02 1.410840984542086289e+02 5.513876552740043735e+01
4.283448115584609188e-03 1.494361098262027099e+02 1.494652072272028533e+02 1.494652070531419668e+02 5.706165399569585617e+01
4.414178302456537618e-03 1.580463420645919257e+02 1.580781102961703652e+02 1.580781100999449507e+02 5.895556954998868804e+01
4.545305082438852104e-03 1.668848624561859708e+02 1.669195013696142951e+02 1.669195011491031551e+02 6.081928725672877079e+01
4.676798656287624312e-03 1.759483373426366768e+02 1.759860517449682789e+02 1.759860514979157244e+02 6.265514860578390000e+01
4.808632040815520418e-03 1.852334654084027079e+02 1.852744627291287429e+02 1.852744624531398188e+02 6.446807802883830618e+01
4.940780765546003844e-03 1.947369657696765728e+02 1.947814573278621992e+02 1.947814570203994720e+02 6.626362904773546347e+01
5.073222604865760405e-03 2.044555355711775348e+02 2.045037397309472169e+02 2.045037393893257729e+02 6.804587234760575143e+01
5.205937341427262222e-03 2.143859410112694093e+02 2.144380833606043950e+02 2.144380829819880034e+02 6.981577568033999626e+01
5.338906557022969450e-03 2.245249331733572546e+02 2.245812521292108670e+02 2.245812517106095640e+02 7.157075682227016955e+01
5.472113447589238913e-03 2.348692901067111052e+02 2.349300383791500053e+02 2.349300379174132161e+02 7.330554502293729513e+01
5.605542659396289124e-03 2.454158253686974263e+02 2.454812716818532294e+02 2.454812711736692563e+02 7.501396948163592526e+01
5.739180143839252117e-03 2.561613708503147677e+02 2.562318015670621776e+02 2.562318010089508675e+02 7.669095654623694713e+01
5.873013028565152692e-03 2.671027954512380234e+02 2.671785142689865324e+02 2.671785136572977990e+02 7.833399007373877510e+01
6.007029502953803272e-03 2.782369969696260910e+02 2.783183228823095874e+02 2.783183222132184369e+02 7.994353422298007672e+01
6.141218716219945702e-03 2.895608621422783244e+02 2.896481286201715761e+02 2.896481278896742992e+02 8.152236600510752851e+01
6.275570686622596733e-03 3.010714012979046288e+02 3.011649527402058766e+02 3.011649519441165808e+02 8.307426913040185923e+01
6.410076220458818530e-03 3.127655696825646601e+02 3.128657601868749225e+02 3.128657593208224057e+02 8.460253654989109862e+01
6.544726839685989853e-03 3.246404012566813435e+02 3.247475932307593212e+02 3.247475922901822969e+02 8.610902648478776200e+01
6.679514717162037332e-03 3.366929223188288915e+02 3.368074870758737234e+02 3.368074860560175239e+02 8.759387265818908475e+01
6.814432618619705416e-03 3.489202724140613441e+02 3.490425866243811583e+02 3.490425855202927892e+02 8.905592487049970885e+01
6.949473850601062090e-03 3.613195696712729159e+02 3.614500214853881630e+02 3.614500202919151661e+02 9.049346021386992334e+01
7.084632213674277486e-03 3.738878820131020007e+02 3.740268717590205370e+02 3.740268704708050791e+02 9.190489936652308245e+01
7.219901960338073743e-03 3.866224006516326313e+02 3.867703418515836233e+02 3.867703404630605633e+02 9.328924132374490341e+01
7.355277757091821002e-03 3.995204358731932075e+02 3.996777605456050537e+02 3.996777590509970537e+02 9.464612477006357949e+01
7.490754650212456435e-03 4.125790645063142392e+02 4.127462210291013207e+02 4.127462194224169707e+02 9.597555297563890520e+01
7.626328034834435610e-03 4.257955951075164194e+02 4.259730518898278433e+02 4.259730501648562608e+02 9.727779879688482367e+01
7.761993626976996380e-03 4.391673370363196796e+02 4.393555800452475637e+02 4.393555781955562338e+02 9.855329073038176091e+01
7.897747438204897816e-03 4.526915754398190188e+02 4.528911088266660840e+02 4.528911068455974487e+02 9.980270568444294099e+01
8.033585752645440101e-03 4.663656220926102947e+02 4.665769672703525544e+02 4.665769651510194080e+02 1.010271250695477647e+02
8.169505106116624685e-03 4.801868854429532689e+02 4.804105765521120475e+02 4.804105742873954910e+02 1.022280760361395409e+02
8.305502267149322826e-03 4.941527288971006442e+02 4.943893126084022356e+02 4.943893101909493453e+02 1.034072706887946396e+02
8.441574219710961530e-03 5.082606154605658730e+02 5.085106473430481060e+02 5.085106447652655106e+02 1.045661484730168667e+02
8.577718147459802850e-03 5.225080258293505722e+02 5.227720712378092003e+02 5.227720684918632514e+02 1.057053004621461412e+02
8.713931419377820078e-03 5.368924034526372679e+02 5.371710381983841671e+02 5.371710352761948570e+02 1.068240754234018652e+02
8.850211576646964742e-03 5.514112418597968599e+02 5.517050559199191184e+02 5.517050528131603642e+02 1.079206463256670645e+02
8.986556320648170920e-03 5.660620769555587231e+02 5.663716722877746861e+02 5.663716689878676789e+02 1.089925676041931979e+02
9.122963501975552697e-03 5.808425210209132956e+02 5.811685116634089354e+02 5.811685081615182753e+02 1.100377278900667193e+02
9.259431110369609544e-03 5.957500258520047964e+02 5.960930493818513014e+02 5.960930456688895447e+02 1.110552944872867300e+02
9.395957265483418155e-03 6.107823012624851344e+02 6.111430087046067001e+02 6.111430047712242413e+02 1.120463983064864237e+02
9.532540208404717899e-03 6.259369744682172723e+02 6.263160338084536534e+02 6.263160296450341775e+02 1.130139936914947469e+02
9.669178293864809717e-03 6.412116090143116480e+02 6.416097126399338322e+02 6.416097082365988626e+02 1.139620358208013329e+02
9.805869983072144566e-03 6.566039237751699602e+02 6.570217809487863860e+02 6.570217762953884630e+02 1.148942204789635326e+02
9.942613837114840439e-03 6.721115697536904463e+02 6.725499056504514783e+02 6.725499007365698390e+02 1.158126604303169671e+02
1.007940851088186957e-02 6.877322515031138437e+02 6.881918098771316181e+02 6.881918046920708321e+02 1.167171711615740719e+02
1.021625274745767246e-02 7.034637575820665916e+02 7.039452936347012155e+02 7.039452881674915261e+02 1.176053962220621116e+02
1.035314537294934438e-02 7.193037964119224625e+02 7.198080799881805660e+02 7.198080742275676585e+02 1.184737408388722031e+02
1.049008529170953642e-02 7.352502802009197467e+02 7.357780890229187207e+02 7.357780829573690653e+02 1.193188051374147705e+02
1.062707148192171096e-02 7.513008377786039773e+02 7.518529684342773862e+02 7.518529620519722130e+02 1.201385752128710038e+02
1.076410299151759654e-02 7.674534657019011092e+02 7.680307277497280438e+02 7.680307210385609551e+02 1.209331637714742556e+02
1.090117893439946500e-02 7.837058754058500654e+02 7.843090968984438405e+02 7.843090898460144444e+02 1.217045073822493748e+02
1.103829848694248134e-02 8.000559220196546448e+02 8.006859413131868450e+02 8.006859339068066674e+02 1.224555489556757664e+02
1.117546088475455945e-02 8.165016506164298562e+02 8.171593243085118274e+02 8.171593165351964672e+02 1.231891152535675786e+02
1.131266541967331299e-02 8.330407962299052542e+02 8.337270033105742186e+02 8.337269951570402782e+02 1.239069579377931092e+02
1.144991143698145808e-02 8.496713419351297034e+02 8.503869773864505532e+02 8.503869688391164345e+02 1.246095374922963828e+02
1.158719833282374073e-02 8.663912750365211650e+02 8.671372482019673953e+02 8.671372392469451142e+02 1.252962995027346551e+02
1.172452555180993235e-02 8.831984523982595192e+02 8.839756947234261588e+02 8.839756853465274844e+02 1.259663350131994264e+02
1.186189258478982482e-02 9.000909744688984802e+02 9.009004291688801231e+02 9.009004193556086193e+02 1.266191069971339118e+02
1.199929896678736049e-02 9.170666303285048571e+02 9.179092621634542866e+02 9.179092518990061080e+02 1.272547228760926572e+02
1.213674427508212687e-02 9.341237395752177690e+02 9.350005130416236625e+02 9.350005023108797104e+02 1.278739630776166365e+02
1.227422812742749898e-02 9.512601094227820795e+02 9.521720125152804712e+02 9.521720013028140102e+02 1.284777458131954688e+02
1.241175018039559173e-02 9.684738150185609129e+02 9.694218493799933185e+02 9.694218376700598583e+02 1.290667799787338481e+02
1.254931012783999135e-02 9.857630131626891625e+02 9.867481870579483711e+02 9.867481748344845300e+02 1.296412807814299981e+02
1.268690769946803285e-02 1.003126047349115311e+03 1.004149373968789405e+03 1.004149361215413023e+03 1.302010412035205320e+02
1.282454265951503761e-02 1.020560742157026766e+03 1.021623258817200053e+03 1.021623245517212808e+03 1.307456377403054546e+02
1.296221480551357566e-02 1.038065137234786562e+03 1.039167900790788281e+03 1.039167886927161589e+03 1.312748819608606254e+02
1.309992396715133241e-02 1.055637627650463628e+03 1.056781706398076494e+03 1.056781691953461404e+03 1.317890240962750568e+02
1.323767000521174769e-02 1.073276296290638129e+03 1.074462777082265575e+03 1.074462762038984920e+03 1.322885828578266967e+02
1.337545281059200619e-02 1.090979279055177358e+03 1.092209268704056285e+03 1.092209253044102752e+03 1.327740743243512327e+02
1.351327230339342128e-02 1.108744878468518209e+03 1.110019503287398493e+03 1.110019486992433940e+03 1.332456524904772834e+02
1.365112843207961536e-02 1.126571285157220018e+03 1.127891676388504038e+03 1.127891659439866089e+03 1.337028785033366489e+02
1.378902117269832986e-02 1.144456484797393841e+03 1.145823798808676429e+03 1.145823781187359600e+03 1.341448478926396035e+02
1.392695052816290968e-02 1.162399036774568913e+03 1.163814436083562896e+03 1.163814417770230193e+03 1.345707442508083602e+02
1.406491652758996153e-02 1.180396957164552759e+03 1.181861623232266084e+03 1.181861604207247865e+03 1.349803184952272090e+02
1.420291922568979980e-02 1.198448829325067891e+03 1.199963943110270748e+03 1.199963923353547671e+03 1.353744805209813649e+02
1.434095870220669817e-02 1.216553067790958039e+03 1.218119828894064312e+03 1.218119808385289389e+03 1.357552751030648324e+02
1.447903506140608802e-02 1.234707248399436367e+03 1.236326888423678383e+03 1.236326867142153787e+03 1.361253417886429986e+02
1.461714843160612926e-02 1.252910459110368947e+03 1.254584203745513378e+03 1.254584181670204543e+03 1.364873083131050464e+02
1.475529896475122858e-02 1.271161033135393154e+03 1.272890119437955718e+03 1.272890096547479970e+03 1.368425913088053107e+02
1.489348683602531413e-02 1.289456949683614084e+03 1.291242641435645282e+03 1.291242617708273428e+03 1.371908160333986473e+02
1.503171224350279694e-02 1.307796717175662252e+03 1.309640285611282252e+03 1.309640261024941537e+03 1.375298945540138504e+02
1.516997540783534409e-02 1.326178958897927259e+03 1.328081684025759841e+03 1.328081658558028494e+03 1.378566481976361047e+02
1.530827657197269577e-02 1.344601958914672423e+03 1.346565139002029582e+03 1.346565112630135900e+03 1.381678857775753499e+02
1.544661600091591473e-02 1.363064160079504973e+03 1.365089101731351320e+03 1.365089074432165717e+03 1.384616080818591115e+02
1.558499398150161447e-02 1.381564112436088863e+03 1.383652136037617311e+03 1.383652107787670047e+03 1.387377531029281670e+02
1.572341082221571928e-02 1.400100148917031902e+03 1.402252587983580497e+03 1.402252558759041449e+03 1.389982173328936312e+02
1.586186685303556804e-02 1.418670738640067839e+03 1.420888943075696716e+03 1.420888912852384692e+03 1.392462593391105656e+02
1.600036242529910210e-02 1.437274350023518082e+03 1.439559708875641036e+03 1.439559677629008320e+03 1.394854278610377207e+02
1.613889791160015921e-02 1.455910193683545458e+03 1.458264015966411534e+03 1.458263983671570031e+03 1.397185477077463815e+02
1.627747370570877677e-02 1.474576103718527520e+03 1.476999779385244210e+03 1.476999746016937024e+03 1.399468221219125894e+02
1.641609022251569461e-02 1.493270674923339811e+03 1.495765605511140848e+03 1.495765571043751152e+03 1.401698555762221758e+02
1.655474789800011684e-02 1.511992892060108943e+03 1.514560478231107709e+03 1.514560442638662380e+03 1.403859737013042093e+02
1.669344718922005297e-02 1.530740743121839387e+03 1.533382419277620102e+03 1.533382382533792907e+03 1.405927641595118018e+02
1.683218857432447826e-02 1.549513626712787072e+03 1.552230776422140252e+03 1.552230738500229108e+03 1.407880050593268777e+02
1.697097255258669946e-02 1.568309603655491856e+03 1.571103678495853956e+03 1.571103639368802533e+03 1.409699873278540565e+02
1.710979964445834278e-02 1.587127464760630119e+03 1.589999899073294273e+03 1.589999858713676304e+03 1.411379948314832404e+02
1.724867039164339547e-02 1.605965670755424526e+03 1.608917948976049047e+03 1.608917907356070828e+03 1.412922882341541140e+02
1.738758535719189119e-02 1.624823323396566138e+03 1.627856892434619112e+03 1.627856849526140650e+03 1.414340718267205261e+02
1.752654512561274691e-02 1.643699230724933386e+03 1.646815531640901099e+03 1.646815487415392909e+03 1.415651929418887676e+02
1.766555030300539023e-02 1.662591160517367825e+03 1.665791707787715495e+03 1.665791662216295208e+03 1.416877649030911641e+02
1.780460151720983722e-02 1.681499574583708181e+03 1.684785838123730400e+03 1.684785791177135934e+03 1.418040856858939947e+02
1.794369941797494331e-02 1.700420991177318911e+03 1.703794509572211837e+03 1.703794461220822541e+03 1.419156573575211553e+02
1.808284467714448701e-02 1.719356408976806279e+03 1.722818626506674491e+03 1.722818576720494548e+03 1.420234920982905180e+02
1.822203798886094100e-02 1.738302686152480192e+03 1.741855176592089038e+03 1.741855125340747691e+03 1.421271816971155317e+02
1.836128006978673607e-02 1.757259842376653296e+03 1.760904095916121378e+03 1.760904043168884527e+03 1.422254964174933605e+02
1.850057165934278908e-02 1.776226706980480230e+03 1.779964248260998602e+03 1.779964193986751070e+03 1.423163754941703303e+02
1.863991351996426016e-02 1.795201467113529816e+03 1.799033849289253567e+03 1.799033793456510921e+03 1.423975450650421806e+02
1.877930643737338312e-02 1.814184306911121666e+03 1.818113015079994284e+03 1.818112957656900790e+03 1.424673932301207913e+02
1.891875122086934813e-02 1.833171933639479903e+03 1.837198583093739444e+03 1.837198524048068293e+03 1.425251112175448895e+02
1.905824870363516735e-02 1.852165417118740152e+03 1.856291508652728226e+03 1.856291447951861073e+03 1.425715168399450761e+02
1.919779974306155476e-02 1.871162043481164346e+03 1.875389186315811912e+03 1.875389123926768889e+03 1.426082652504527744e+02
1.933740522108782361e-02 1.890161139411025943e+03 1.894490906699503967e+03 1.894490842588922533e+03 1.426377247199894498e+02
1.947706604455983620e-02 1.909162763326399499e+03 1.913596671269348462e+03 1.913596605403485910e+03 1.426621278177999841e+02
1.961678314560510311e-02 1.928163850867947531e+03 1.932703576796483731e+03 1.932703509141218774e+03 1.426826327341463809e+02
1.975655748202515341e-02 1.947165392980463594e+03 1.951812456010460437e+03 1.951812386531303218e+03 1.426994783033125600e+02
1.989639003770522427e-02 1.966165686031022688e+03 1.970921675702130415e+03 1.970921604364196355e+03 1.427116155500383172e+02
2.003628182304151989e-02 1.985163916917200140e+03 1.990030404375511807e+03 1.990030331143538888e+03 1.427174462791386986e+02
2.017623387538613686e-02 2.004158223614014105e+03 2.009136838105531069e+03 2.009136762943876647e+03 1.427153591640988850e+02
2.031624725950990570e-02 2.023148151352558443e+03 2.028240514822392015e+03 2.028240437695031687e+03 1.427044655687083718e+02
2.045632306808332912e-02 2.042133064676586855e+03 2.047340761266156505e+03 2.047340682136680471e+03 1.426847287688030690e+02
2.059646242217591169e-02 2.061112393976996827e+03 2.066437025123705553e+03 2.066436943955315201e+03 1.426568510670101375e+02
2.073666647177411712e-02 2.080084399207527895e+03 2.085527590116640567e+03 2.085527506872166668e+03 1.426217807683228784e+02
2.087693639631827205e-02 2.099049099219685104e+03 2.104612438987605401e+03 2.104612353629468544e+03 1.425804744434406928e+02
2.101727340525871152e-02 2.118004786173537923e+03 2.123689889266577666e+03 2.123689801756833731e+03 1.425334058799079457e+02
2.115767873863153362e-02 2.136952825351630963e+03 2.142761218013623420e+03 2.142761128313926292e+03 1.424808907206006268e+02
2.129815366765434870e-02 2.155888376798898207e+03 2.161821825241927399e+03 2.161821733313545792e+03 1.424227102943137027e+02
2.143869949534235944e-02 2.174813925240755907e+03 2.180873967613577406e+03 2.180873873417394407e+03 1.423592136823801582e+02
2.157931755714525418e-02 2.193726971654052250e+03 2.199915280391537635e+03 2.199915183888027059e+03 1.422906470505654113e+02
2.172000922160532629e-02 2.212628817786318450e+03 2.218946916269744179e+03 2.218946817419013314e+03 1.422175873110339239e+02
2.186077589103731927e-02 2.231515894881298664e+03 2.237965518368867379e+03 2.237965417130610149e+03 1.421401725362052559e+02
2.200161900223043462e-02 2.250388049876377409e+03 2.256970847886434058e+03 2.256970744219964672e+03 1.420583963555385481e+02
2.214254002717313055e-02 2.269247255090578619e+03 2.275964753667507466e+03 2.275964647531729497e+03 1.419720139029285804e+02
2.228354047380116942e-02 2.288090246280981319e+03 2.294944121721763622e+03 2.294944013075188195e+03 1.418803048802047897e+02
2.242462188676956278e-02 2.306919545743042363e+03 2.313911281696983679e+03 2.313911170497726744e+03 1.417830645000700258e+02
2.256578584824898981e-02 2.325731143730723034e+03 2.332862433839905862e+03 2.332862320045673641e+03 1.416801411153839751e+02
2.270703397874736240e-02 2.344525531638345456e+03 2.351797975288560792e+03 2.351797858856674338e+03 1.415721207802388051e+02
2.284836793795720286e-02 2.363299537098452220e+03 2.370714881222962958e+03 2.370714762110322226e+03 1.414596118650848950e+02
2.298978942562952474e-02 2.382058165274307157e+03 2.389617883557206369e+03 2.389617761720322051e+03 1.413435199262374624e+02
2.313130018247499045e-02 2.400796079926258244e+03 2.408501840298984916e+03 2.408501715693957067e+03 1.412236316628954569e+02
2.327290199109310898e-02 2.419515206810953714e+03 2.427368606653246843e+03 2.427368479235747600e+03 1.410995120877208251e+02
2.341459667693028199e-02 2.438214940325373391e+03 2.446217539972486520e+03 2.446217409697812400e+03 1.409701503792272774e+02
2.355638610926756582e-02 2.456893898757997249e+03 2.465047305139223226e+03 2.465047171962232369e+03 1.408345256708202839e+02
2.369827220223901312e-02 2.475551414652396488e+03 2.483857242414145730e+03 2.483857106289306103e+03 1.406921794598264626e+02
2.384025691588158649e-02 2.494186876757556092e+03 2.502646764233993508e+03 2.502646625115327879e+03 1.405434700160621162e+02
2.398234225721747673e-02 2.512803187011409591e+03 2.521418609098965590e+03 2.521418466940113831e+03 1.403896930689210762e+02
2.412453028137008168e-02 2.531397082443005729e+03 2.540169588737766389e+03 2.540169443491919083e+03 1.402321562781180830e+02
2.426682309271441240e-02 2.549965037581291199e+03 2.558896363757135077e+03 2.558896215377080352e+03 1.400719356913412241e+02
2.440922284606329706e-02 2.568511231788898840e+03 2.577602915144718736e+03 2.577602763582807256e+03 1.399098004783776332e+02
2.455173174789039917e-02 2.587035082671788587e+03 2.596288600589715770e+03 2.596288445797873010e+03 1.397453782211856890e+02
2.469435205759126437e-02 2.605535292930462674e+03 2.614952240851395345e+03 2.614952082781136596e+03 1.395776215024964131e+02
2.483708608878373511e-02 2.624012204590199872e+03 2.633594118549037830e+03 2.633593957151411360e+03 1.394054640736356703e+02
2.497993621064897862e-02 2.642464977174199703e+03 2.652213373148048049e+03 2.652213208373691032e+03 1.392282833987201229e+02
2.512290484931454723e-02 2.660888781337489036e+03 2.670805369646196141e+03 2.670805201445311468e+03 1.390461321448875367e+02
2.526599448928091782e-02 2.679294429154986574e+03 2.689380452120421069e+03 2.689380280442764615e+03 1.388606591724360726e+02
2.540920767489297100e-02 2.697669892738717863e+03 2.707927137421884254e+03 2.707926962216745324e+03 1.386726908933299569e+02
2.555254701185803723e-02 2.716023829246425976e+03 2.726453636042927883e+03 2.726453457259179231e+03 1.384837123223229014e+02
2.569601516881211620e-02 2.734351968185919304e+03 2.744955857505223776e+03 2.744955675091281137e+03 1.382936388679131028e+02
2.583961487893600764e-02 2.752651453057966137e+03 2.763431089293073910e+03 2.763430903196884628e+03 1.381013896152678342e+02
2.598334894162314043e-02 2.770929285313408855e+03 2.781885935550467366e+03 2.781885745719525403e+03 1.379056536802885944e+02
2.612722022420096296e-02 2.789182427415828442e+03 2.800317529627368458e+03 2.800317336008707116e+03 1.377046535465300394e+02
2.627123166370790713e-02 2.807407819917843426e+03 2.818722932204732842e+03 2.818722734744929312e+03 1.374973551077767127e+02
2.641538626872788967e-02 2.825603873584975645e+03 2.837100628571450670e+03 2.837100427216597836e+03 1.372839266078620426e+02
2.655968712128459197e-02 2.843776243527898714e+03 2.855455964007511284e+03 2.855455758703217725e+03 1.370658718956509290e+02
2.670413737879769045e-02 2.861923952938344428e+03 2.873788081157957095e+03 2.873787871849356634e+03 1.368448349257823793e+02
2.684874027610344160e-02 2.880045872299112489e+03 2.892095751511687013e+03 2.892095538143441900e+03 1.366221992872883391e+02
2.699349912754202274e-02 2.898141723179097426e+03 2.910378780421924148e+03 2.910378562938189589e+03 1.363986652999163596e+02
2.713841732911425469e-02 2.916210699477927847e+03 2.928636424837312461e+03 2.928636203181754354e+03 1.361741003711076701e+02
2.728349836071035719e-02 2.934256963439698666e+03 2.946872597091340594e+03 2.946872371207142351e+03 1.359480866928616081e+02
2.742874578841357838e-02 2.952273538819500118e+03 2.965080637462575851e+03 2.965080407292386099e+03 1.357196637005403943e+02
2.757416326688169952e-02 2.970267711886612688e+03 2.983267488158207470e+03 2.983267253644156881e+03 1.354887887303225114e+02
2.771975454180937784e-02 2.988232561394195727e+03 3.001426581918473858e+03 3.001426343002197882e+03 1.352551236197829212e+02
2.786552345247473098e-02 3.006178122064692616e+03 3.019567474779673830e+03 3.019567231402261314e+03 1.350191841392288268e+02
2.801147393437347644e-02 3.024097662073500032e+03 3.037683657640212459e+03 3.037683409742224285e+03 1.347806043212412135e+02
2.815761002194417870e-02 3.041990778821609638e+03 3.055774809243034269e+03 3.055774556764492900e+03 1.345390469805601299e+02
2.830393585138843426e-02 3.059860243286885179e+03 3.073843598421682600e+03 3.073843341302075260e+03 1.342942179877601916e+02
2.845045566358983882e-02 3.077703757332774785e+03 3.091887812605965337e+03 3.091887550784203995e+03 1.340458626738965222e+02
2.859717380713587206e-02 3.095520922849697399e+03 3.109907094789946314e+03 3.109906828204393150e+03 1.337943641018032395e+02
2.874409474144708557e-02 3.113324338602227726e+03 3.127913278463854112e+03 3.127913007052292414e+03 1.335412133656560911e+02
2.889122304001805544e-02 3.131098833339748126e+03 3.145892184893363265e+03 3.145891908592974687e+03 1.332870133954881169e+02
2.903856339377497084e-02 3.148848872169849528e+03 3.163847916131112015e+03 3.163847634878526605e+03 1.330328278192900200e+02
2.918612061455476761e-02 3.166577473171037582e+03 3.181783351457348544e+03 3.181783065188578348e+03 1.327787907999969264e+02
2.933389963871118125e-02 3.184284127539307974e+03 3.199697907500259589e+03 3.199697616150701379e+03 1.325238279074308423e+02
2.948190553085322518e-02 3.201970403715401517e+03 3.217593381603844136e+03 3.217593085108288960e+03 1.322662222862427370e+02
2.963014348772191955e-02 3.219638058393773008e+03 3.235471193730526920e+03 3.235470892023119632e+03 1.320042533273103516e+02
2.977861884221143923e-02 3.237284375236188225e+03 3.253328884605586154e+03 3.253328577619844964e+03 1.317369071739460651e+02
2.992733706754115500e-02 3.254909714441810593e+03 3.271166790076968482e+03 3.271166477745751763e+03 1.314647139127276603e+02
3.007630378158533332e-02 3.272513800608204747e+03 3.288984632234251421e+03 3.288984314489768622e+03 1.311895585792296401e+02
3.022552475136773553e-02 3.290098102324780484e+03 3.306783788633243603e+03 3.306783465406978848e+03 1.309140705598566399e+02
3.037500589772862761e-02 3.307671943521477260e+03 3.324573139901734521e+03 3.324572811124524378e+03 1.306407758083693125e+02
3.052475330017218394e-02 3.325222651969443632e+03 3.342340748406300463e+03 3.342340414008268453e+03 1.303699946817412751e+02
3.067477320190274345e-02 3.342762753387961766e+03 3.360098545830929197e+03 3.360098205741479433e+03 1.301012190070721886e+02
3.082507201505869238e-02 3.360276810747706350e+03 3.377831648986818436e+03 3.377831303134601967e+03 1.298314920533138945e+02
3.097565632615346259e-02 3.377782657027333698e+03 3.395557269899826224e+03 3.395556918212787423e+03 1.295587213141619145e+02
3.112653290173344328e-02 3.395274091622834931e+03 3.413269449676856311e+03 3.413269092082136467e+03 1.292806878132474822e+02
3.127770869426328010e-02 3.412751270669148653e+03 3.430968399122462870e+03 3.430968035546448391e+03 1.289969628995558537e+02
3.142919084824963988e-02 3.430213435238134934e+03 3.448653221795689660e+03 3.448652852163945681e+03 1.287086657368246279e+02
3.158098670661507734e-02 3.447664082481031073e+03 3.466327651345899994e+03 3.466327275583179926e+03 1.284180090917874111e+02
3.173310381733437935e-02 3.465100050265554728e+03 3.483988370694632067e+03 3.483987988724888510e+03 1.281268866852941812e+02
3.188554994034642487e-02 3.482535954960505023e+03 3.501649385959687606e+03 3.501648997705978218e+03 1.278369793111996557e+02
3.203833305475546622e-02 3.499962539785898571e+03 3.519302030504377399e+03 3.519301635888908550e+03 1.275480188918017035e+02
3.219146136633638938e-02 3.517374486470422198e+03 3.536941079415502372e+03 3.536940678359570484e+03 1.272590682202421135e+02
3.234494331535960748e-02 3.534787393294517642e+03 3.554581710253034544e+03 3.554581302677023359e+03 1.269696969960130133e+02
3.249878758475195639e-02 3.552189142551362693e+03 3.572212057590797485e+03 3.572211643414145328e+03 1.266787303303146928e+02
3.265300310861107835e-02 3.569588006369496270e+03 3.589840293590357305e+03 3.589839872731547075e+03 1.263860803816077407e+02
3.280759908109187606e-02 3.586985161563421570e+03 3.607467405016001521e+03 3.607466977392529770e+03 1.260916085447094162e+02
3.296258496568467422e-02 3.604381782368777294e+03 3.625094729900594757e+03 3.625094295428931218e+03 1.257951971939864109e+02
3.311797050490603023e-02 3.621775171613051498e+03 3.642719624499679412e+03 3.642719183095264270e+03 1.254965979227029180e+02
3.327376573042432201e-02 3.639169257596003717e+03 3.660345776315260082e+03 3.660345327892448950e+03 1.251960136888294528e+02
3.342998097364388577e-02 3.656568122714321362e+03 3.677977325074126384e+03 3.677976869546187572e+03 1.248941510481832040e+02
3.358662687677271830e-02 3.673973652841468265e+03 3.695616039261591141e+03 3.695615576540650636e+03 1.245921328576431364e+02
3.374371440440052800e-02 3.691378720709234585e+03 3.713254964472920619e+03 3.713254494469949350e+03 1.242908876611798235e+02
3.390125485561566038e-02 3.708788596737745593e+03 3.730899485888163326e+03 3.730899008512968066e+03 1.239911846338952444e+02
3.405925987669126964e-02 3.726213393235800140e+03 3.748559022931473464e+03 3.748558538092568142e+03 1.236927750249442539e+02
3.421774147437307151e-02 3.743642886876496505e+03 3.766224156949121152e+03 3.766223664553823255e+03 1.233935590620768181e+02
3.437671202980322610e-02 3.761085752603505171e+03 3.783902976285004570e+03 3.783902476239284169e+03 1.230914298741345902e+02
3.453618431311727965e-02 3.778539578814587003e+03 3.801593331262080483e+03 3.801592823470561143e+03 1.227844410597991214e+02
3.469617149875352941e-02 3.796007135472762002e+03 3.819297889338633922e+03 3.819297373704598613e+03 1.224723470257125655e+02
3.485668718151686135e-02 3.813502897396436765e+03 3.837030572530649351e+03 3.837030048955943130e+03 1.221572017855417727e+02
3.501774539344214981e-02 3.831016415021755165e+03 3.854781415881983321e+03 3.854780884266926023e+03 1.218416594988240007e+02
3.517936062150531923e-02 3.848543412358500973e+03 3.872546521783429398e+03 3.872545982026871116e+03 1.215286130493790751e+02
3.534154782623377677e-02 3.866096471999084770e+03 3.890337775379377035e+03 3.890337227378609896e+03 1.212200109085492983e+02
3.550432246127133151e-02 3.883673999233607447e+03 3.908153703441358630e+03 3.908153147092041308e+03 1.209150728670530413e+02
3.566770049395698999e-02 3.901279147729394481e+03 3.925997682687490851e+03 3.925997117883589453e+03 1.206111429257974805e+02
3.583169842698111229e-02 3.918919794140268095e+03 3.943877104749998580e+03 3.943876531383793008e+03 1.203049663576644406e+02
3.599633332118735290e-02 3.936585784691404115e+03 3.961782308774489593e+03 3.961781726736460314e+03 1.199937131512640889e+02
3.616162281959351549e-02 3.954287383387300906e+03 3.979723151959691677e+03 3.979722561138455603e+03 1.196772565419244785e+02
3.632758517271039711e-02 3.972027556426727642e+03 3.997702674731993739e+03 3.997702075014304683e+03 1.193573765185158777e+02
3.649423926524336670e-02 3.989806682889858166e+03 4.015721261679149848e+03 4.015720652949724808e+03 1.190368317565749550e+02
3.666160464426802823e-02 4.007632128695518077e+03 4.033786158639210498e+03 4.033785540780746032e+03 1.187181554532982233e+02
3.682970154897858422e-02 4.025505047364046732e+03 4.051898463207657642e+03 4.051897836100715267e+03 1.184022083675173320e+02
3.699855094211485645e-02 4.043419268941464452e+03 4.070052205153081559e+03 4.070051568676072748e+03 1.180880363424548420e+02
3.716817454318282338e-02 4.061389618761440488e+03 4.088261856527539294e+03 4.088261210556530386e+03 1.177743661600106719e+02
3.733859486359223517e-02 4.079411996650785113e+03 4.106523612303997652e+03 4.106522956712735322e+03 1.174593768474496756e+02
3.750983524384531032e-02 4.097492853882617965e+03 4.124843579211017641e+03 4.124842913870787925e+03 1.171420727417493453e+02
3.768191989292123123e-02 4.115628364062111359e+03 4.143218238217630642e+03 4.143217562997155255e+03 1.168217524370621874e+02
3.785487393001329276e-02 4.133837891714374564e+03 4.161666431666317294e+03 4.161665746431658590e+03 1.164987448631875111e+02
3.802872342878856754e-02 4.152114483008816933e+03 4.180181460516944753e+03 4.180180765131467524e+03 1.161730449302304891e+02
3.820349546435460042e-02 4.170455265758968380e+03 4.198760612616284561e+03 4.198759906940459587e+03 1.158453985806714002e+02
3.837921816313318718e-02 4.188885603823573547e+03 4.217428645124461582e+03 4.217427929015753762e+03 1.155180538325478921e+02
3.855592075585893841e-02 4.207386562152260922e+03 4.236167081325446816e+03 4.236166354638300618e+03 1.151923424737370283e+02
3.873363363393931419e-02 4.225974646392650357e+03 4.254992148482436278e+03 4.254991411068011985e+03 1.148697945919491303e+02
3.891238840943379851e-02 4.244644171923334397e+03 4.273898343156365627e+03 4.273897594862483857e+03 1.145495546918169651e+02
3.909221797893339123e-02 4.263411791367514525e+03 4.292902007884399609e+03 4.292901248555375787e+03 1.142294108947493214e+02
3.927315659164683920e-02 4.282279949269392091e+03 4.312005571992783189e+03 4.312004801469289305e+03 1.139059675548124204e+02
3.945523992202867175e-02 4.301245216005851034e+03 4.331205861179540079e+03 4.331205079298433702e+03 1.135768537281836643e+02
3.963850514731516450e-02 4.320319310321276134e+03 4.350514147174698337e+03 4.350513353768908928e+03 1.132428268887508409e+02
3.982299103036925775e-02 4.339516195746347876e+03 4.369944050705227710e+03 4.369943245603456489e+03 1.129074492308799336e+02
4.000873800827372401e-02 4.358816553152003507e+03 4.389477100653046364e+03 4.389476283679709013e+03 1.125743637801744512e+02
4.019578828715480306e-02 4.378247707649038603e+03 4.409140249951248734e+03 4.409139420926213461e+03 1.122466540762966929e+02
4.038418594376586013e-02 4.397810401161304071e+03 4.428933616774734219e+03 4.428932775513106208e+03 1.119232270433473673e+02
4.057397703441357334e-02 4.417506582797748706e+03 4.448859898861547663e+03 4.448859045173479899e+03 1.116000159500410405e+02
4.076520971186810977e-02 4.437345431191562966e+03 4.468927650427901426e+03 4.468926784118341857e+03 1.112725580631841780e+02
4.095793435096471702e-02 4.457336777277731017e+03 4.489146664605183105e+03 4.489145785473633623e+03 1.109387659265867825e+02
4.115220368367745324e-02 4.477493738628390020e+03 4.509529626562592966e+03 4.509528734402763803e+03 1.106002674556046088e+02
4.134807294452860771e-02 4.497800059041129316e+03 4.530061711039047623e+03 4.530060805638710917e+03 1.102604356000227455e+02
4.154560002728961698e-02 4.518290561380953477e+03 4.550776059568484925e+03 4.550775140709080915e+03 1.099235044613200216e+02
4.174484565403308034e-02 4.538958119385617465e+03 4.571666127854356091e+03 4.571665195310696618e+03 1.095901825755893242e+02
4.194587355771259296e-02 4.559813159218664623e+03 4.592742289359070128e+03 4.592741342898986659e+03 1.092588576235724673e+02
4.214875067957856575e-02 4.580868106306676054e+03 4.614016779863211013e+03 4.614015819247176296e+03 1.089267712748888641e+02
4.235354738288705373e-02 4.602144549737731722e+03 4.635510427062087729e+03 4.635509452042859266e+03 1.085918853953762806e+02
4.256033768452669591e-02 4.623624590711803648e+03 4.657206620020984701e+03 4.657205630343124540e+03 1.082524471154844434e+02
4.276919950637933510e-02 4.645332812756754720e+03 4.679129253229570168e+03 4.679128248629047448e+03 1.079086819549699072e+02
4.298021494844619234e-02 4.667282370002822972e+03 4.701291036688748136e+03 4.701290016892482527e+03 1.075615896636982001e+02
4.319347058601730877e-02 4.689498064971843633e+03 4.723716224726483233e+03 4.723715189451718288e+03 1.072137889420170040e+02
4.340905779344198662e-02 4.711956286242335409e+03 4.746382778655397487e+03 4.746381727609268637e+03 1.068676715750387132e+02
4.362707309737804545e-02 4.734705136041641708e+03 4.769337355823800863e+03 4.769336288702628735e+03 1.065259073735889075e+02
4.384761856276330610e-02 4.757742824538662717e+03 4.792578232304957055e+03 4.792577148793684501e+03 1.061864511895620211e+02
4.407080221517247626e-02 4.781097500253271392e+03 4.816132669442492443e+03 4.816131569213920557e+03 1.058445936962841074e+02
4.429673850370429572e-02 4.804760803324114931e+03 4.839994040092834439e+03 4.839992922806935894e+03 1.054954065987476639e+02
4.452554880909907753e-02 4.828768077082196214e+03 4.864196149605601022e+03 4.864195014908642406e+03 1.051398414305071469e+02
4.475736200242706742e-02 4.853128616221131779e+03 4.888748402396849997e+03 4.888747249920566901e+03 1.047835467243333483e+02
4.499231506042952050e-02 4.877872803824005132e+03 4.913680700517366859e+03 4.913679529877971618e+03 1.044326007074950411e+02
4.523055374445369980e-02 4.903007479954671908e+03 4.939000588015393078e+03 4.938999398812511572e+03 1.040863677683616260e+02
4.547223335092263896e-02 4.928554430199851595e+03 4.964728951754412265e+03 4.964727743570090752e+03 1.037377430264469922e+02
4.571751954244576005e-02 4.954551010897469496e+03 4.990902846120180584e+03 4.990901618517465977e+03 1.033798257653917290e+02
4.596658927003843820e-02 4.981003487581447189e+03 5.017528413583162546e+03 5.017527166104870957e+03 1.030123256133633447e+02
4.621963179851525799e-02 5.007942563693279226e+03 5.044636791574060226e+03 5.044635523741284487e+03 1.026427626252344396e+02
4.647684984899859428e-02 5.035416348513232151e+03 5.072274426406089333e+03 5.072273137716572819e+03 1.022786064235810670e+02
4.673846087469710892e-02 5.063415541464539274e+03 5.100433193197993205e+03 5.100431883124375418e+03 1.019190978434315866e+02
4.700469848872573797e-02 5.092011283672392892e+03 5.129182966891562501e+03 5.129181634879453668e+03 1.015593162990580822e+02
4.727581406584337870e-02 5.121224699061799583e+03 5.158544477402330813e+03 5.158543122868105456e+03 1.011938552994949418e+02
4.755207854367964754e-02 5.151082131549714177e+03 5.188545004632404016e+03 5.188543626960909023e+03 1.008210928716804915e+02
4.783378445343441226e-02 5.181634475380166805e+03 5.219233329703636628e+03 5.219231928245530071e+03 1.004425740539973901e+02
4.812124821532108576e-02 5.212926650978219186e+03 5.250655000950974681e+03 5.250653575019815435e+03 1.000620407377040522e+02
4.841481274038218069e-02 5.244999173783960941e+03 5.282849458448402402e+03 5.282848007317472366e+03 9.968377369570281132e+01
4.871485038797886830e-02 5.277922402445119587e+03 5.315887057152815942e+03 5.315885580051352918e+03 9.930693204011178921e+01
4.902176633755044727e-02 5.311732611853432900e+03 5.349803192914198917e+03 5.349801689023623112e+03 9.892223355795563577e+01
4.933600244454244832e-02 5.346502427327751320e+03 5.384670050611635816e+03 5.384668519060722247e+03 9.852540697563590300e+01
4.965804166419941074e-02 5.382290331910883651e+03 5.420545333723092881e+03 5.420543773583219263e+03 9.812628720174053853e+01
4.998841314383035278e-02 5.419180674397070106e+03 5.457512653136474910e+03 5.457511063415633544e+03 9.773483887707467943e+01
5.032769810496729584e-02 5.457253016489753463e+03 5.495650831567474597e+03 5.495649211203878622e+03 9.734081663060365486e+01
5.067653666255722555e-02 5.496593899381015945e+03 5.535045426640630467e+03 5.535043774495346952e+03 9.692825627030012470e+01
5.103563576024428700e-02 5.537315581958465373e+03 5.575807248718049777e+03 5.575805563566660567e+03 9.650434409460687846e+01
5.140577844057066942e-02 5.579509255988880795e+03 5.618027778119479080e+03 5.618026058642372845e+03 9.608664533538996011e+01
5.178783471868913385e-02 5.623314701365391556e+03 5.661844188501421741e+03 5.661842433272933704e+03 9.567219592713513521e+01
5.218277439070105606e-02 5.668872428310956820e+03 5.707395697340737570e+03 5.707393904816338363e+03 9.524601132871015352e+01
5.259168218658213934e-02 5.716315822974264847e+03 5.754815148465899256e+03 5.754813316967673018e+03 9.480510848241138433e+01
5.301577577745426872e-02 5.765832742735144166e+03 5.804288059175120907e+03 5.804286186874631312e+03 9.435717509713938966e+01
5.345642727366427260e-02 5.817621581416618028e+03 5.856010754124793493e+03 5.856008839023149449e+03 9.390943717839280680e+01
5.391518901138751124e-02 5.871892520997786960e+03 5.910191509242788925e+03 5.910189549147406979e+03 9.344837427321701284e+01
5.439382463101181259e-02 5.928917585710308231e+03 5.967099737568094497e+03 5.967097730065070209e+03 9.296838762984344839e+01
5.489434671253728276e-02 5.988948398549709054e+03 6.026984765993290239e+03 6.026982708414982881e+03 9.249637858139257673e+01
5.541906256643638895e-02 6.052348813008268735e+03 6.090207347360875247e+03 6.090205236746712217e+03 9.200738641359451719e+01
5.597063019993416683e-02 6.119475486793418895e+03 6.157120835291533695e+03 6.157118668341931880e+03 9.148693809446423586e+01
5.655212700630639355e-02 6.190757297771975573e+03 6.228149904516377319e+03 6.228147677536509036e+03 9.096781839412219028e+01
5.716713437288545308e-02 6.266721777051513527e+03 6.303817311808045815e+03 6.303815020640026887e+03 9.042344032608757232e+01
5.781984217307584162e-02 6.347937949424804174e+03 6.384688864310924146e+03 6.384686504251286351e+03 8.985907511492170840e+01
5.851517796564036783e-02 6.435076619431466497e+03 6.471429567557988776e+03 6.471427133256761408e+03 8.928394358112335283e+01
5.925896656036436227e-02 6.528954448935644905e+03 6.564850449750420921e+03 6.564847935086971120e+03 8.866584852612210454e+01
6.005812614970208740e-02 6.630496375272401565e+03 6.665870985853574894e+03 6.665868383783966237e+03 8.804750432017195294e+01
6.092090685040016385e-02 6.740778999787799876e+03 6.775562521825028853e+03 6.775559824193502209e+03 8.736044719506847400e+01
6.185717501312049116e-02 6.861074740782621120e+03 6.895192617316982250e+03 6.895189814623723578e+03 8.665226527291508773e+01
6.287873963641078812e-02 6.992851004266145537e+03 7.026225955441707811e+03 7.026223036558902095e+03 8.589436398229231884e+01
6.399970123299759950e-02 7.137720613368332124e+03 7.170277887363068658e+03 7.170274839192656145e+03 8.506793873202821032e+01
6.523677100106532734e-02 7.297484098747805547e+03 7.329158650083189059e+03 7.329155457155049589e+03 8.418484520407164950e+01
6.660944801086061962e-02 7.474052985294141763e+03 7.504798350812699027e+03 7.504794994837012382e+03 8.321140596553476598e+01
6.813984269073103395e-02 7.669048508668189243e+03 7.698866158792397982e+03 7.698862618207221203e+03 8.212758194541397927e+01
6.985179850726988549e-02 7.883616365155018684e+03 7.912584019327350688e+03 7.912580268933068510e+03 8.090383151106200899e+01
7.176884558694940353e-02 8.117692804720432832e+03 8.146013707050589801e+03 8.146009717893440211e+03 7.951139459527306030e+01
7.391059310114178604e-02 8.369220040365802561e+03 8.397283579987688427e+03 8.397279319728293558e+03 7.792542587208225768e+01
7.407407407407406996e-02 8.387920646530021259e+03 8.415987044199871889e+03 8.415982763071013323e+03 7.780545392740378929e+01
7.628773663094788604e-02 8.633320522069234357e+03 8.661765711924666903e+03 8.661761145926679092e+03 7.610432749307450706e+01
7.889708976547629704e-02 8.902098765831418859e+03 8.931848417104567488e+03 8.931843510312230137e+03 7.404259339802041495e+01
8.171929203561517641e-02 9.165592900370158532e+03 9.197826968552195467e+03 9.197821687849576847e+03 7.172459030922375689e+01
8.472143238664139875e-02 9.414055926218907189e+03 9.450096836876800808e+03 9.450091153249617491e+03 6.919772426097283358e+01
8.786399496697006040e-02 9.640784075880039381e+03 9.681906134023847699e+03 9.681900023850495927e+03 6.650717540910005710e+01
9.110863202812168049e-02 9.844168926157606620e+03 9.891379594737953084e+03 9.891373039978114321e+03 6.375105471681004587e+01
9.442335187062091129e-02 1.002817848996789144e+04 1.008203013347048727e+04 1.008202312102950054e+04 6.100424405896300328e+01
9.778420071264828928e-02 1.020139504908933304e+04 1.026186676620383696e+04 1.026185928694338691e+04 5.836412295715140175e+01
1.011745370577697006e-01 1.037514163313265999e+04 1.044161051353297080e+04 1.044160256128904439e+04 5.590074360376276985e+01
1.045833628762903172e-01 1.056136382713072089e+04 1.063266171200661302e+04 1.063265328277836124e+04 5.366460337145252169e+01
1.080036408487814736e-01 1.077070142692521949e+04 1.084524203551888422e+04 1.084523312686976715e+04 5.168114413432764565e+01
1.114309589758553237e-01 1.101088199923916545e+04 1.108684012009057187e+04 1.108683073071641593e+04 4.995834568635988404e+01
1.148625860319575365e-01 1.128561963609043050e+04 1.136114014073317230e+04 1.136113027017091008e+04 4.848319571179550280e+01
1.182968443449820550e-01 1.159420395287225256e+04 1.166760897321931770e+04 1.166759862163704383e+04 4.722225926036092858e+01
1.217327082058246024e-01 1.193157742826667709e+04 1.200155215116094041e+04 1.200154131921778753e+04 4.613823596396012050e+01
1.251695522226254076e-01 1.228890825647027123e+04 1.235464430447254381e+04 1.235463299321712475e+04 4.516979673603728429e+01
1.286069956512821688e-01 1.265463582494921502e+04 1.271591557642564476e+04 1.271590378721874367e+04 4.426901971048573614e+01
1.320448068398200059e-01 1.301583724017128043e+04 1.307305095266839271e+04 1.307303868712779695e+04 4.338589879749093825e+01
1.354828448455977497e-01 1.335969994595870958e+04 1.341379569394426471e+04 1.341378295390304083e+04 4.248325431245801553e+01
1.389210238643016349e-01 1.367499948280957324e+04 1.372737265239218868e+04 1.372735943985924132e+04 4.154111050121233006e+01
1.423592915937629544e-01 1.395336224436555676e+04 1.400569816390197593e+04 1.400568448103770061e+04 4.053523518465653552e+01
1.457976160865596393e-01 1.419015397880546334e+04 1.424424236143187591e+04 1.424422821052579275e+04 3.946761764168903852e+01
1.492359777652298714e-01 1.438493164558215358e+04 1.444247372141720007e+04 1.444245910486347748e+04 3.834230655510422281e+01
1.526743645741212574e-01 1.454137576333449397e+04 1.460380535918791611e+04 1.460379027946852693e+04 3.718150237383564871e+01
1.561127690358586340e-01 1.466682696500750535e+04 1.473516395059613387e+04 1.473514841027327930e+04 3.601133332080048888e+01
1.595511864639602151e-01 1.477137606874376252e+04 1.484612848819002647e+04 1.484611248988673287e+04 3.485559739394081191e+01
1.629896138771592395e-01 1.486675062958982562e+04 1.494787267916475867e+04 1.494785622555517693e+04 3.374394458190953117e+01
1.664280493396045890e-01 1.496505423260395219e+04 1.505196387965470967e+04 1.505194697345485656e+04 3.269158661822554990e+01
1.698664915595559377e-01 1.507749450911952408e+04 1.516914579390694416e+04 1.516912843786700250e+04 3.172379931548936938e+01
1.733049396450059287e-01 1.521319881394937147e+04 1.530820131802614378e+04 1.530818351492122201e+04 3.085017860709525905e+01
1.767433929545991766e-01 1.537834048487243672e+04 1.547511017619537233e+04 1.547509192882033130e+04 3.007228708422448804e+01
1.801818510064493728e-01 1.557559411445278602e+04 1.567251846115343687e+04 1.567249977231505909e+04 2.938722378360555254e+01
1.836203134221569278e-01 1.580397835695081449e+04 1.589957892931916649e+04 1.589955980183244355e+04 2.878359498911632741e+01
1.870587798922503098e-01 1.605908435635751266e+04 1.615215998894614859e+04 1.615214042562702161e+04 2.825383310591005070e+01
1.904972501546846608e-01 1.633367774117909357e+04 1.642341480970676275e+04 1.642339481337118923e+04 2.777156168816354764e+01
1.939357239813162548e-01 1.661862860634858953e+04 1.670466538889392177e+04 1.670464496235567640e+04 2.732274105449443269e+01
1.973742011692636300e-01 1.690596625695941839e+04 1.698839807313174242e+04 1.698837721919016622e+04 2.689275514778809040e+01
2.008126815352761219e-01 1.718330343127084416e+04 1.726267912701343084e+04 1.726265784846266251e+04 2.645971655475771556e+01
2.042511649119649608e-01 1.744150597328244839e+04 1.751874308128185658e+04 1.751872138089847067e+04 2.601628472939247771e+01
2.076896511451984395e-01 1.767350017185227625e+04 1.774977427859939780e+04 1.774975215914701403e+04 2.554713145451167833e+01
2.111281400922330465e-01 1.787504879188826817e+04 1.795166416051762644e+04 1.795164162474186742e+04 2.505843678843008249e+01
2.145666316203181934e-01 1.804493776521445761e+04 1.812319894149584798e+04 1.812317599212763525e+04 2.454551758663496486e+01
2.180051256056127762e-01 1.818528568146229372e+04 1.826635872205424312e+04 1.826633536179695875e+04 2.401062961164743825e+01
2.214436219323115407e-01 1.830069998054102689e+04 1.838551059758197516e+04 1.838548682912105869e+04 2.346695129322992202e+01
2.248821204919189687e-01 1.839777420617100870e+04 1.848692546591899008e+04 1.848690129191574670e+04 2.292138908985475609e+01
2.283206211826294407e-01 1.848412260424973283e+04 1.857785320991495973e+04 1.857782863301155885e+04 2.238978016524797354e+01
2.317591239087873622e-01 1.856770078480636221e+04 1.866587665006196403e+04 1.866585167286975411e+04 2.187075317059358071e+01
2.351976285804103783e-01 1.865591895629066494e+04 1.875807009133523752e+04 1.875804471644547812e+04 2.137524429369791790e+01
2.386361351127629371e-01 1.875544948257647047e+04 1.886082404681318803e+04 1.886079827679251321e+04 2.091254497717929084e+01
2.420746434259721802e-01 1.887141836570378655e+04 1.897907336701157328e+04 1.897904720440197343e+04 2.048266516936728010e+01
2.455131534446793884e-01 1.900719154487930791e+04 1.911609246423970399e+04 1.911606591155814021e+04 2.009030100429262333e+01
2.489516650977230683e-01 1.916406675841969991e+04 1.927318839686335559e+04 1.927316145659681570e+04 1.972983282165531449e+01
2.523901783178489899e-01 1.934105680673260213e+04 1.944948227080287324e+04 1.944945494540598156e+04 1.940168047652030126e+01
2.558286930414446214e-01 1.953507828607380361e+04 1.964207885950974378e+04 1.964205115142435898e+04 1.909797864929665323e+01
2.592672092082953794e-01 1.974127160464346889e+04 1.984636569689352109e+04 1.984633760853083368e+04 1.881472194569036915e+01
2.627057267613603919e-01 1.995364525210485954e+04 2.005662937915727525e+04 2.005660091289988122e+04 1.854669998152605004e+01
2.661442456465656914e-01 2.016581365612617083e+04 2.026676571736569167e+04 2.026673687557128142e+04 1.828576885886872105e+01
2.695827658126140891e-01 2.037169128522745450e+04 2.047094668405170887e+04 2.047091746905412219e+04 1.802837177634950194e+01
2.730212872108085942e-01 2.056608915865513700e+04 2.066419446899668401e+04 2.066416488310142086e+04 1.776487053738851429e+01
2.764598097948899880e-01 2.074512122563699086e+04 2.084276776628736843e+04 2.084273781177490309e+04 1.749847443720082651e+01
2.798983335208861667e-01 2.090641004063499349e+04 2.100435947421567107e+04 2.100432915334728386e+04 1.722470060220338439e+01
2.833368583469723090e-01 2.104907011890403737e+04 2.114808149316299750e+04 2.114805080816206464e+04 1.694515263402838201e+01
2.867753842333415348e-01 2.117401834387988492e+04 2.127476710990307765e+04 2.127473606297657170e+04 1.666125154053267465e+01
2.902139111420845574e-01 2.128349829009246241e+04 2.138652497183238665e+04 2.138649356515962063e+04 1.637172521883439202e+01
2.936524390370780502e-01 2.138111345407014596e+04 2.148677650404055385e+04 2.148674473977908201e+04 1.608506427088397928e+01
2.970909678838805079e-01 2.147134522878742428e+04 2.157980084634245941e+04 2.157976872662181631e+04 1.579904197340745675e+01
3.005294976496357129e-01 2.155917110404719278e+04 2.167036641474696080e+04 2.167033394167220104e+04 1.552197748982526271e+01
3.039680283029824182e-01 2.164933897770502517e+04 2.176303270509446520e+04 2.176299988074380963e+04 1.525381238681650764e+01
3.074065598139703592e-01 2.174588861903746511e+04 2.186168532552096440e+04 2.186165215195326164e+04 1.499539110366170291e+01
3.108450921539817058e-01 2.185167736853152746e+04 2.196907624764424327e+04 2.196904272689048230e+04 1.475344626774161938e+01
3.142836252956578424e-01 2.196848934383844244e+04 2.208693028456925458e+04 2.208689641863376528e+04 1.452407077541244895e+01
3.177221592128308680e-01 2.209657264998230676e+04 2.221550024624802245e+04 2.221546603712161959e+04 1.430940131919012259e+01
3.211606938804594802e-01 2.223525288488454680e+04 2.235416166836253979e+04 2.235412711800579200e+04 1.410489773442673744e+01
3.245992292745689678e-01 2.238284091290122160e+04 2.250132149276762721e+04 2.250128660312288412e+04 1.391116464135785336e+01
3.280377653721951448e-01 2.253695233011444361e+04 2.265472164095909466e+04 2.265468641394823862e+04 1.372689346173839020e+01
3.314763021513315033e-01 2.269475928971738176e+04 2.281167741858102818e+04 2.281164185608744810e+04 1.354913330958764206e+01
3.349148395908799758e-01 2.285307330587444085e+04 2.296914675314729902e+04 2.296911085705181540e+04 1.337739704440450694e+01
3.383533776706043050e-01 2.300871991236455142e+04 2.312408981131172550e+04 2.312405358346704452e+04 1.320679919863506235e+01
3.417919163710868014e-01 2.315878675433315220e+04 2.327370601873650230e+04 2.327366946097666005e+04 1.303751581240140922e+01
3.452304556736871533e-01 2.330095769518584348e+04 2.341576017992576089e+04 2.341572329406979043e+04 1.286665249031337588e+01
3.486689955605037916e-01 2.343379383176700139e+04 2.354885684069624767e+04 2.354881962853321966e+04 1.269671107778197694e+01
3.521075360143380850e-01 2.355681178172402360e+04 2.367251844047336635e+04 2.367248090377578774e+04 1.252596848884275538e+01
3.555460770186597008e-01 2.367050157206052609e+04 2.378720318317450437e+04 2.378716532370045388e+04 1.235443227387549747e+01
3.589846185575747417e-01 2.377607068111993067e+04 2.389405858952730705e+04 2.389402040901150758e+04 1.218308150503193765e+01
3.624231606157953256e-01 2.387526963873352361e+04 2.399475064277671845e+04 2.399471214293402954e+04 1.201061841604218117e+01
3.658617031786109419e-01 2.397012537742123095e+04 2.409120923809541637e+04 2.409117042062028122e+04 1.184253757105308758e+01
3.693002462318615287e-01 2.406280233750575644e+04 2.418549656370089360e+04 2.418545743027410936e+04 1.167616783067276387e+01
3.727387897619119372e-01 2.415539674733748325e+04 2.427961541850522917e+04 2.427957597078393883e+04 1.151523133278188915e+01
3.761773337556277297e-01 2.424988016830137349e+04 2.437545579927873041e+04 2.437541603890887200e+04 1.135911008687175716e+01
3.796158782003525300e-01 2.434790160269897751e+04 2.447460832484734783e+04 2.447456825345086691e+04 1.120624325048446757e+01
3.830544230838865416e-01 2.445066493875582819e+04 2.457824132659838506e+04 2.457820094578393764e+04 1.106021496340344612e+01
3.864929683944658967e-01 2.455870147194015590e+04 2.468687980079808403e+04 2.468683911215284024e+04 1.091937117558376436e+01
3.899315141207435609e-01 2.467198941610791371e+04 2.480051531694656660e+04 2.480047432204481811e+04 1.078575194448640140e+01
3.933700602517709033e-01 2.478972505037029623e+04 2.491838415905063084e+04 2.491834285943855866e+04 1.065460199212661507e+01
3.968086067769805991e-01 2.491064278637140160e+04 2.503927532239639913e+04 2.503923371962025340e+04 1.052764800241537202e+01
4.002471536861697543e-01 2.503327486770187897e+04 2.516178463008801191e+04 2.516174272565807769e+04 1.040561902172245823e+01
4.036857009694848619e-01 2.515608357663173592e+04 2.528444248141868593e+04 2.528440027684939923e+04 1.028556408401334821e+01
4.071242486174064257e-01 2.527768647838059769e+04 2.540593178462743526e+04 2.540588928140226562e+04 1.016770317256542988e+01
4.105627966207352486e-01 2.539696994825159709e+04 2.552519424149293991e+04 2.552515144108951426e+04 1.004991860170237494e+01
4.140013449705792214e-01 2.551304371705864469e+04 2.564138275388186230e+04 2.564133965775993056e+04 9.935235289982445650e+00
4.174398936583401110e-01 2.562526168766179399e+04 2.575387767859522864e+04 2.575383428820179688e+04 9.820450491926830949e+00
4.208784426757020136e-01 2.573324779653876612e+04 2.586231270750816839e+04 2.586226902426418383e+04 9.706486471083069389e+00
4.243169920146196983e-01 2.583689114766937928e+04 2.596656961487751687e+04 2.596652564020361751e+04 9.593669020802238379e+00
4.277555416673074484e-01 2.593641671329567907e+04 2.606685181238412770e+04 2.606680754768797487e+04 9.481503254219724397e+00
4.311940916262291257e-01 2.603239984619799361e+04 2.616370254364543143e+04 2.616365799030742346e+04 9.371247546204445555e+00
4.346326418840877892e-01 2.612571821484284010e+04 2.625795777285634540e+04 2.625791293224916808e+04 9.260156807195677686e+00
4.380711924338167029e-01 2.621733523813009742e+04 2.635053825328354651e+04 2.635049312676455884e+04 9.153029966383410709e+00
4.415097432685699541e-01 2.630823885857889400e+04 2.644238903233789461e+04 2.644234362125749612e+04 9.048032663163507294e+00
4.449482943817141822e-01 2.639925469673020052e+04 2.653429792293843275e+04 2.653425222862335067e+04 8.944123802031112902e+00
4.483868457668201968e-01 2.649099640258118598e+04 2.662684801229781806e+04 2.662680203608063675e+04 8.841971051149190686e+00
4.518253974176553167e-01 2.658388797446401804e+04 2.672044263841343127e+04 2.672039638159047900e+04 8.741883740893236165e+00
4.552639493281757654e-01 2.667816796575495755e+04 2.681531078620962580e+04 2.681526425007753642e+04 8.646675234993741910e+00
4.587025014925197874e-01 2.677401608508695426e+04 2.691163248039259634e+04 2.691158566623235311e+04 8.552362577039497538e+00
4.621410539050007094e-01 2.687149152744958337e+04 2.700947768215569158e+04 2.700943059123129206e+04 8.460678722518006012e+00
4.655796065601003897e-01 2.697048284192308711e+04 2.710875363817412290e+04 2.710870627174560286e+04 8.370247069941846974e+00
4.690181594524631681e-01 2.707069602670645327e+04 2.720919154602680646e+04 2.720914390533931874e+04 8.281332933168263466e+00
4.724567125768899256e-01 2.717167958329054818e+04 2.731036616068989679e+04 2.731031824697214324e+04 8.195577673066678059e+00
4.758952659283321451e-01 2.727274919843359385e+04 2.741162181862367652e+04 2.741157363309197171e+04 8.110757090909235245e+00
4.793338195018869707e-01 2.737318443266424219e+04 2.751226360154128633e+04 2.751221514541731813e+04 8.028795059566709469e+00
4.827723732927914346e-01 2.747236338742925363e+04 2.761169178440042742e+04 2.761164305888325543e+04 7.946306727369246481e+00
4.862109272964179607e-01 2.756983623247934884e+04 2.770947196230561167e+04 2.770942296857636029e+04 7.865113709451538426e+00
4.896494815082693131e-01 2.766531094123842195e+04 2.780532241628324846e+04 2.780527315551758147e+04 7.784957814599030357e+00
4.930880359239742661e-01 2.775876098250162613e+04 2.789921726572162879e+04 2.789916773908413597e+04 7.705355870864567081e+00
4.965265905392829970e-01 2.785016533356686341e+04 2.799113310406924211e+04 2.799108331271185307e+04 7.628259850273881426e+00
4.999651453500629783e-01 2.793965300051200757e+04 2.808118766283375953e+04 2.808113760790369270e+04 7.550394673631087628e+00
5.034037003522949805e-01 2.802736753548397246e+04 2.816951061280152135e+04 2.816946029542625183e+04 7.474484210573335119e+00
5.068422555420695197e-01 2.811354108459382041e+04 2.825631687955613233e+04 2.825626630087008743e+04 7.398930383186320014e+00
5.102808109155821947e-01 2.819854785667837496e+04 2.834196221317227537e+04 2.834191137428943694e+04 7.324081507193643148e+00
5.137193664691314110e-01 2.828283942655433930e+04 2.842688146886220784e+04 2.842683037088119818e+04 7.251682150803183013e+00
5.171579221991140507e-01 2.836696620975514452e+04 2.851160887673369871e+04 2.851155752074436168e+04 7.179196927710838061e+00
5.205964781020225862e-01 2.845136762026809083e+04 2.859657349842873009e+04 2.859652188552210646e+04 7.108578064051681800e+00
5.240350341744418605e-01 2.853640815976462545e+04 2.868213097477906194e+04 2.868207910602890479e+04 7.038676597863770645e+00
5.274735904130458675e-01 2.862218990392851993e+04 2.876838140228713019e+04 2.876832927876436588e+04 6.971038242925862605e+00
5.309121468145953093e-01 2.870866441281435982e+04 2.885527741691590563e+04 2.885522503967114608e+04 6.904487796156917767e+00
5.343507033759344882e-01 2.879562139120534630e+04 2.894261394437348645e+04 2.894256131445450956e+04 6.838021576311961169e+00
5.377892600939885304e-01 2.888283909352600313e+04 2.903017771077284851e+04 2.903012482921595802e+04 6.773659872820007699e+00
5.412278169657610549e-01 2.897009127186096157e+04 2.911775280589899194e+04 2.911769967373777763e+04 6.710081897480423940e+00
5.446663739883315092e-01 2.905720232901521013e+04 2.920517500274226404e+04 2.920512162100449132e+04 6.648385877050072779e+00
5.481049311588530593e-01 2.914403309084659122e+04 2.929231654432213691e+04 2.929226291401867638e+04 6.586984267515290092e+00
5.515434884745498145e-01 2.923037146856419713e+04 2.937897525436694559e+04 2.937892137649232973e+04 6.526616580928614297e+00
5.549820459327151623e-01 2.931595688814382811e+04 2.946489847193817332e+04 2.946484434750820583e+04 6.466475956933112279e+00
5.584206035307089921e-01 2.940058785793698553e+04 2.954989032839469292e+04 2.954983595838264955e+04 6.406913071697940332e+00
5.618591612659563639e-01 2.948407174251471952e+04 2.963376086077339278e+04 2.963370624616631903e+04 6.349797768220410532e+00
5.652977191359450648e-01 2.956636709782043545e+04 2.971646879518085916e+04 2.971641393694758881e+04 6.292252353123792830e+00
5.687362771382237225e-01 2.964755395989305543e+04 2.979809125696487899e+04 2.979803615608152904e+04 6.236152614727413557e+00
5.721748352704003615e-01 2.972785357636648769e+04 2.987884588865953992e+04 2.987879054606877253e+04 6.179378314335052025e+00
5.756133935301398497e-01 2.980748089080017235e+04 2.995894125539279048e+04 2.995888567204556603e+04 6.123510971119122459e+00
5.790519519151631211e-01 2.988659704649674677e+04 3.003853219937805625e+04 3.003847637622060574e+04 6.069597976286103425e+00
5.824905104232449560e-01 2.996532659628691545e+04 3.011773602493968792e+04 3.011767996290930023e+04 6.015058117546760563e+00
5.859290690522124256e-01 3.004367493172079048e+04 3.019655259181018482e+04 3.019649629183556681e+04 5.962718269078240318e+00
5.893676277999434499e-01 3.012167489828971520e+04 3.027500895766720714e+04 3.027495242068065272e+04 5.909927304359531064e+00
5.928061866643654643e-01 3.019943283148251066e+04 3.035320782943755694e+04 3.035315105631691404e+04 5.858097570660291353e+00
5.962447456434537552e-01 3.027697627810098129e+04 3.043117412930587670e+04 3.043111712099103897e+04 5.806897645426694510e+00
5.996833047352303492e-01 3.035451127936825287e+04 3.050911340833130453e+04 3.050905616569724589e+04 5.756438948838704661e+00
6.031218639377622370e-01 3.043208226686558191e+04 3.058707050195558622e+04 3.058701302591976491e+04 5.708494185348703454e+00
6.065604232491604852e-01 3.050976906875815621e+04 3.066512763245065798e+04 3.066506992387166247e+04 5.659249069386226516e+00
6.099989826675789040e-01 3.058741873481333096e+04 3.074313465413279118e+04 3.074307671390477117e+04 5.610764614030099295e+00
6.134375421912129367e-01 3.066490156121582186e+04 3.082096563322210932e+04 3.082090746222058442e+04 5.563483319220302370e+00
6.168761018182981060e-01 3.074204138532583966e+04 3.089844841062572596e+04 3.089839000972243230e+04 5.517617583564675243e+00
6.203146615471091252e-01 3.081877145095869855e+04 3.097552031383684880e+04 3.097546168387115540e+04 5.471875436517604108e+00
6.237532213759593436e-01 3.089503597229315346e+04 3.105212882133802850e+04 3.105206996317295852e+04 5.426082745720968603e+00
6.271917813031986366e-01 3.097085324402502738e+04 3.112829532284097877e+04 3.112823623732360284e+04 5.381667588797908408e+00
6.306303413272134062e-01 3.104624717117822001e+04 3.120404574058724393e+04 3.120398642857152663e+04 5.337359005082076280e+00
6.340689014464248041e-01 3.112120624143756868e+04 3.127936967486686990e+04 3.127931013716739108e+04 5.294017762214957123e+00
6.375074616592882881e-01 3.119563723847701840e+04 3.135417384886103537e+04 3.135411408632558232e+04 5.250092130943510682e+00
6.409460219642926226e-01 3.126947304020190859e+04 3.142839045443092618e+04 3.142833046786792693e+04 5.207743533100775757e+00
6.443845823599588796e-01 3.134264236830389564e+04 3.150194649357130038e+04 3.150188628380495720e+04 5.165825951123107274e+00
6.478231428448394391e-01 3.141519074389961679e+04 3.157488548869935403e+04 3.157482505653633416e+04 5.123641392061672128e+00
6.512617034175174346e-01 3.148722923212229580e+04 3.164731609669730096e+04 3.164725544294868087e+04 5.082978597543742261e+00
6.547002640766060866e-01 3.155892473657005394e+04 3.171940284444066856e+04 3.171934196990704004e+04 5.041919547296838111e+00
6.581388248207472591e-01 3.163041005842360755e+04 3.179127632460667155e+04 3.179121523007689029e+04 5.002341463742263628e+00
6.615773856486114601e-01 3.170172893783901600e+04 3.186297822619690123e+04 3.186291691246488335e+04 4.961729758282763747e+00
6.650159465588966201e-01 3.177288385114558696e+04 3.193450970737017633e+04 3.193444817521901496e+04 4.922499065360329773e+00
6.684545075503275369e-01 3.184382458589035014e+04 3.200581970367476970e+04 3.200575795386076061e+04 4.884983549159766625e+00
6.718930686216552095e-01 3.191444495944343726e+04 3.207680158643764298e+04 3.207673961976784267e+04 4.846764206207475389e+00
6.753316297716560612e-01 3.198479184978326521e+04 3.214750268139947366e+04 3.214744049862143220e+04 4.809579044710098117e+00
6.787701909991313842e-01 3.205489935102023446e+04 3.221795778656397306e+04 3.221789538844200797e+04 4.771641572910779061e+00
6.822087523029067846e-01 3.212483025693572927e+04 3.228823079552943818e+04 3.228816818282121676e+04 4.735009691834770607e+00
6.856473136818315162e-01 3.219462585053335715e+04 3.235836440409094575e+04 3.235830157755258188e+04 4.698945388935440448e+00
6.890858751347777034e-01 3.226428033965673239e+04 3.242835432012821184e+04 3.242829128048884013e+04 4.663703629693796593e+00
6.925244366606401192e-01 3.233366178585285161e+04 3.249806977863249995e+04 3.249800652665283997e+04 4.628750737938636561e+00
6.959629982583351859e-01 3.240269070663430466e+04 3.256743268554274982e+04 3.256736922194044382e+04 4.593050485637794722e+00
6.994015599268008643e-01 3.247125675574952038e+04 3.263633345271501457e+04 3.263626977823494963e+04 4.558564124764694192e+00
7.028401216649959871e-01 3.253938140391029083e+04 3.270479432666872162e+04 3.270473044202320671e+04 4.524040707492773095e+00
7.062786834718994822e-01 3.260709985939549733e+04 3.277285104047185450e+04 3.277278694639147579e+04 4.490874453977283132e+00
7.097172453465103725e-01 3.267451034514012645e+04 3.284060170528450544e+04 3.284053740248451504e+04 4.457408701910281934e+00
7.131558072878469989e-01 3.274166218569450575e+04 3.290809540391322662e+04 3.290803089310962241e+04 4.424366987245241134e+00
7.165943692949463539e-01 3.280855951381999330e+04 3.297533582402133470e+04 3.297527110591733071e+04 4.391715362067167838e+00
7.200329313668641928e-01 3.287514203020819696e+04 3.304226195557581377e+04 3.304219703087980452e+04 4.358914212555504264e+00
7.234714935026739235e-01 3.294136016341578215e+04 3.310882353850544314e+04 3.310875840789818176e+04 4.327697327474867350e+00
7.269100557014668285e-01 3.300715694107265153e+04 3.317496264127112227e+04 3.317489730545498605e+04 4.295868000201594761e+00
7.303486179623512875e-01 3.307258499557460891e+04 3.324073116657687933e+04 3.324066562624656945e+04 4.265404361903529562e+00
7.337871802844522229e-01 3.313772910203122592e+04 3.330621330624202528e+04 3.330614756207324535e+04 4.234348207489051497e+00
7.372257426669112101e-01 3.320269195689877961e+04 3.337151127842142159e+04 3.337144533109808981e+04 4.203609029524232099e+00
7.406643051088854790e-01 3.326752479980836506e+04 3.343667603439848608e+04 3.343660988460357476e+04 4.174242399563558692e+00
7.441028676095481353e-01 3.333223941085242404e+04 3.350171936910509248e+04 3.350165301748223283e+04 4.144214750103367706e+00
7.475414301680874951e-01 3.339672677447390743e+04 3.356653202435470303e+04 3.356646547160371119e+04 4.115107530550212722e+00
7.509799927837066402e-01 3.346091407502740185e+04 3.363104152369801886e+04 3.363097477048623114e+04 4.085426765721570597e+00
7.544185554556235296e-01 3.352479813031486992e+04 3.369524523053706071e+04 3.369517827749023127e+04 4.057163957954737832e+00
8.119051840816340349e-01 3.455492375817357970e+04 3.473057272704877687e+04 3.473050252736764378e+04 3.620014968805584044e+00
8.885950561695953320e-01 3.582780924405703263e+04 3.600989906679716660e+04 3.600982479196962959e+04 3.142648584054602345e+00
1.000411985530090586e+00 3.750287855682137888e+04 3.769345096227440081e+04 3.769337120809329645e+04 2.604061543966138093e+00
1.179087864408067787e+00 3.981437739771207998e+04 4.001667431821288483e+04 4.001658676823709538e+04 1.998220122615233851e+00
1.459169831791223393e+00 4.273539981749972503e+04 4.295254766328736878e+04 4.295244978420976986e+04 1.406152341379736770e+00
1.835169465014692358e+00 4.568265779285235476e+04 4.591486012792340625e+04 4.591475109868138679e+04 9.534692625682633649e-01
