# k [1/Mpc]   d_b d_idm_drmd  d_ncdm[0] 
1.043124947079814248e-05 9.858346236748059127e-04 9.858346465712703680e-04
2.284834964407993316e-05 4.729760134215077808e-03 4.729760661050278273e-03
3.530692225221790994e-05 1.129394407939063663e-02 1.129394708142774859e-02
4.783811467900617133e-05 2.073332486315513853e-02 2.073333497136480019e-02
6.047356062111353294e-05 3.313181803594437980e-02 3.313184381749621071e-02
7.324564227953082396e-05 4.860371633841393396e-02 4.860377173822074542e-02
8.618776045661549117e-05 6.729566368090449113e-02 6.729576969586469060e-02
9.933461591254592144e-05 8.938925364199780399e-02 8.938944030004188079e-02
1.127225053620305932e-04 1.151043180767181290e-01 1.151046268149385071e-01
1.263896355219297041e-04 1.447029886698059098e-01 1.447034752194376050e-01
1.403764586347357385e-04 1.784946367951052715e-01 1.784953747328694440e-01
1.547260328664725869e-04 2.168418188340084651e-01 2.168429039289015703e-01
1.694844108761813504e-04 2.601673815653240407e-01 2.601689371474908974e-01
1.847010596312823939e-04 3.089628996331048039e-01 3.089650833362470039e-01
2.004293141364117496e-04 3.637986902661876076e-01 3.638017022790847044e-01
2.167268670702390246e-04 4.253357056354574728e-01 4.253397989290580439e-01
2.336562952773922727e-04 4.943393984661298979e-01 4.943448917552799027e-01
2.512856225024390450e-04 5.716961488312551909e-01 5.717034424755073063e-01
2.696889155059125319e-04 6.584324968601855677e-01 6.584420927734266904e-01
2.889469075561306105e-04 7.557376364547565561e-01 7.557501633319755330e-01
3.091476389951850119e-04 8.649896229782386703e-01 8.650058665409916525e-01
3.303870988548837173e-04 9.877857731479571246e-01 9.878067148016868027e-01
3.527698440649548219e-04 1.125977713451456586e+00 1.126004577175643950e+00
3.764095634063461746e-04 1.281711493217952080e+00 1.281745804099202690e+00
4.014295418858597735e-04 1.457473048048698372e+00 1.457516702718036017e+00
4.279629677452668904e-04 1.656139101949132497e+00 1.656194454533608029e+00
4.561530093695226763e-04 1.881033258470272473e+00 1.881103221261041902e+00
4.861525740460552144e-04 2.135986523004914872e+00 2.136074687080130374e+00
5.181236468432972404e-04 2.425400945710766809e+00 2.425511718107857373e+00
5.522360989149976149e-04 2.754313898859258369e+00 2.754452658419677125e+00
5.886658545911111363e-04 3.128459936840421118e+00 3.128633195538680134e+00
6.275923209851110539e-04 3.554325434852920296e+00 3.554541008851571426e+00
6.691950181347726878e-04 4.039190442098130163e+00 4.039457611474901455e+00
7.136494064140489098e-04 4.591150996131204920e+00 4.591480631815305635e+00
7.611219924232934123e-04 5.219114774215418251e+00 5.219519415632112747e+00
8.117649003929302198e-04 5.932763182102050337e+00 5.933257056767927473e+00
8.657102111519557330e-04 6.742474658042391766e+00 6.743073561245094716e+00
9.230644746231444131e-04 7.659206625642704935e+00 7.659927750419998738e+00
9.839038688968151231e-04 8.694337673112158882e+00 8.695199258353168759e+00
1.048270484333666073e-03 9.859475731661907716e+00 9.860496702904397281e+00
1.116170139455723107e-03 1.116624365546372744e+01 1.116744318784841639e+01
1.187571988530149777e-03 1.262605557865190065e+01 1.262745274946951746e+01
1.262409981065222911e-03 1.424990074135816442e+01 1.425151433500869835e+01
1.340586019305683519e-03 1.604814966330577874e+01 1.604999824385443574e+01
1.421974474632566434e-03 1.803039457207343332e+01 1.803249688306313914e+01
1.506427602560114071e-03 2.020533223335944584e+01 2.020770802047530879e+01
1.593781355436486510e-03 2.258069143629571940e+01 2.258336263091141660e+01
1.683861127638221645e-03 2.516320329990752924e+01 2.516619548759796388e+01
1.776487059410407788e-03 2.795860869371311352e+01 2.796195267415905761e+01
1.871478644699015080e-03 3.097169570574143549e+01 3.097542900539229294e+01
1.968658509136676695e-03 3.420635979602205623e+01 3.421052779835648749e+01
2.067855327966668533e-03 3.766567667458075874e+01 3.767033322592597244e+01
2.168905930515396558e-03 4.135198394210719641e+01 4.135719137243456345e+01
2.271656686204014119e-03 4.526696490452992094e+01 4.527279310592482631e+01
2.375964290629601489e-03 4.941172701314962978e+01 4.941825257001192995e+01
2.481696075006168626e-03 5.378687914146114935e+01 5.379418339091937895e+01
2.588729954635199133e-03 5.839259823371436653e+01 5.840076578393853879e+01
2.696954117579118421e-03 6.322869372408754884e+01 6.323781091243115071e+01
2.806266537458578913e-03 6.829465885899635680e+01 6.830481275383006334e+01
2.916574377015725833e-03 7.358971853550639253e+01 7.360099668266958872e+01
2.962962962962962816e-03 7.587097949803808206e+01 7.588275372026242849e+01
3.027793333358768085e-03 7.911287144892558842e+01 7.912536226195258848e+01
3.139846962366547086e-03 8.486292161101366105e+01 8.487671593903168343e+01
3.252666008773393447e-03 9.083851060032941405e+01 9.085370340470512929e+01
3.366187759841735190e-03 9.703814518520916010e+01 9.705483770414785738e+01
3.480355433970676315e-03 1.034602082963670426e+02 1.034785107308014744e+02
3.595117610736051246e-03 1.101029967463495609e+02 1.101230297725596330e+02
3.710427705369327266e-03 1.169647170562025167e+02 1.169866135625939449e+02
3.826243488253247733e-03 1.240435184753856106e+02 1.240674240749837196e+02
3.942526648383255956e-03 1.313374873627993509e+02 1.313635603469958255e+02
4.059242398706648658e-03 1.388446792476462122e+02 1.388730889749714947e+02
4.176359120642254147e-03 1.465631019109379451e+02 1.465940283675681144e+02
4.293848044776614990e-03 1.544907492130337801e+02 1.545243799526431587e+02
4.411682964633930996e-03 1.626255857754938177e+02 1.626621153041705554e+02
4.529839980456969867e-03 1.709655599882372599e+02 1.710051871412075002e+02
4.648297270064393610e-03 1.795086123904790725e+02 1.795515412630411163e+02
4.767034884030727816e-03 1.882524604297833832e+02 1.882988991088394641e+02
4.886034562643372034e-03 1.971953496310464118e+02 1.972455111832542798e+02
5.005279572309712273e-03 2.063351397098162465e+02 2.063892458487724184e+02
5.124754559305002947e-03 2.156695961830659769e+02 2.157278756565498270e+02
5.244445418961261006e-03 2.251963268054955734e+02 2.252590208825873788e+02
5.364339178594425793e-03 2.349144255962980594e+02 2.349817878927580068e+02
5.484423892649368040e-03 2.448208979928370184e+02 2.448931963853118532e+02
5.604688548708927284e-03 2.549135854083376955e+02 2.549911030257995321e+02
5.725122983164036318e-03 2.651847280523043082e+02 2.652677632883291494e+02
5.845717805477665743e-03 2.756437898942016886e+02 2.757326546538900516e+02
5.966464330096707229e-03 2.862828468553646530e+02 2.863778671599348513e+02
6.087354515174020313e-03 2.970995671420302529e+02 2.972010802825318478e+02
6.208380907358942644e-03 3.080930733397330528e+02 3.082014249039975766e+02
6.329536591999592766e-03 3.192618653118387329e+02 3.193774121893579263e+02
6.450815148175586752e-03 3.306043954883027709e+02 3.307275014164857794e+02
6.572210608046277595e-03 3.421122470316159934e+02 3.422432838114166316e+02
6.693717420058258212e-03 3.537887829570294116e+02 3.539281302160672453e+02
6.815330415607679868e-03 3.656302360986808253e+02 3.657782852974597176e+02
6.937044778798549804e-03 3.776364165802948492e+02 3.777935684735043651e+02
7.058856018978443454e-03 3.898055926779678089e+02 3.899722612209475869e+02
7.180759945768596351e-03 4.021342869406177556e+02 4.023109019085761133e+02
7.302752646336615333e-03 4.146196405330389325e+02 4.148066459379122080e+02
7.424830464687779026e-03 4.272593017815562462e+02 4.274571603573507446e+02
7.546989982775267024e-03 4.400565269121375422e+02 4.402657149389864344e+02
7.669228003251262263e-03 4.530096750194501851e+02 4.532306879617534605e+02
7.791541533699977359e-03 4.661075030227805769e+02 4.663408483501908108e+02
7.913927772210536254e-03 4.793531643571600966e+02 4.795993653571154596e+02
8.036384094162612318e-03 4.927450934761624239e+02 4.930046897719809635e+02
8.158908040111026785e-03 5.062816254211135174e+02 5.065551577227838607e+02
8.281497304667234660e-03 5.199602162319076797e+02 5.202482451739998623e+02
8.404149726286155864e-03 5.337792994286510293e+02 5.340823890972976642e+02
8.526863277876061548e-03 5.477370801645334950e+02 5.480558024237785730e+02
8.649636058157520943e-03 5.618313646228882590e+02 5.621663121428566683e+02
8.772466283704807508e-03 5.760604960194651767e+02 5.764122701839240790e+02
8.895352281609716916e-03 5.904223976305526094e+02 5.907916101877211759e+02
9.018292482713650970e-03 6.049152390605513574e+02 6.053025156449148199e+02
9.141285415359037825e-03 6.195377277125149931e+02 6.199437122509466462e+02
9.264329699615877350e-03 6.342874201976953827e+02 6.347127742081364659e+02
9.387424041943417605e-03 6.491627453950811741e+02 6.496081380656406736e+02
9.510567230250682388e-03 6.641619545941998695e+02 6.646280900654539892e+02
9.633758129323028926e-03 6.792830897141826654e+02 6.797706705355062695e+02
9.756995676584879346e-03 6.945248702495689486e+02 6.950346271464476331e+02
9.880278878171553855e-03 7.098841797066113486e+02 7.104168413079564743e+02
1.000360680528556562e-02 7.253603423289532657e+02 7.259166765199420297e+02
1.012697859081495774e-02 7.409516493388408662e+02 7.415324079774599113e+02
1.025039342619325257e-02 7.566437962841193894e+02 7.572497589723745932e+02
1.037385055848241526e-02 7.724713698235752872e+02 7.731033255841564369e+02
1.049734928766180540e-02 7.883964965770462641e+02 7.890552495803473221e+02
1.062088896410764288e-02 8.044308014681212171e+02 8.051171594049552596e+02
1.074446898624876329e-02 8.205682122413347770e+02 8.212830102396166012e+02
1.086808879838571835e-02 8.368117730776651797e+02 8.375558468389980362e+02
1.099174788866131604e-02 8.531584857060900049e+02 8.539326917210524925e+02
1.111544578717174256e-02 8.696057457209902850e+02 8.704109679106512658e+02
1.123918206420825884e-02 8.861539181107485774e+02 8.869910384616306374e+02
1.136295632862034145e-02 9.027969344820136257e+02 9.036668615601456622e+02
1.148676822629183733e-02 9.195373261015444086e+02 9.204409771948922980e+02
1.161061743872240232e-02 9.363715183425587156e+02 9.373098344485700864e+02
1.173450368170715109e-02 9.532985114581862263e+02 9.542724359865238739e+02
1.185842670410793172e-02 9.703177140894614467e+02 9.713282078813457474e+02
1.198238628671024174e-02 9.874243003850876903e+02 9.884723356250143524e+02
1.210638224116024342e-02 1.004622326109476830e+03 1.005708887903902564e+03
1.223041440897671209e-02 1.021901829245409999e+03 1.023027904864642892e+03
1.235448266063330323e-02 1.039268450493012779e+03 1.040435048575963492e+03
1.247858689470666450e-02 1.056718901089669544e+03 1.057927035897371752e+03
1.260272703708649640e-02 1.074250950623305471e+03 1.075501651762099073e+03
1.272690304024375399e-02 1.091859422903993163e+03 1.093153730240074538e+03
1.285111488255363810e-02 1.109551084453184103e+03 1.110890051003615326e+03
1.297536256767015291e-02 1.127315627715013079e+03 1.128700333041504337e+03
1.309964612394933468e-02 1.145158493485556619e+03 1.146590019986394964e+03
1.322396560391842814e-02 1.163073881335004444e+03 1.164553341322340202e+03
1.334832108378850024e-02 1.181061286780658520e+03 1.182589793747466274e+03
1.347271266300819129e-02 1.199119130017661064e+03 1.200697802199484840e+03
1.359714046385643131e-02 1.217244806913973207e+03 1.218874799339341280e+03
1.372160463107215123e-02 1.235441004740479684e+03 1.237123459300614513e+03
1.384610533151914638e-02 1.253701939955942407e+03 1.255438028231512590e+03
1.397064275388438560e-02 1.272026368868217787e+03 1.273817246859675379e+03
1.409521710840821312e-02 1.290416055474365976e+03 1.292262914791389221e+03
1.421982862664493939e-02 1.308867070481408973e+03 1.310771108336230782e+03
1.434447756125252493e-02 1.327379115185826322e+03 1.329341544438296296e+03
1.446916418581008570e-02 1.345950730932378747e+03 1.347972755694428542e+03
1.459388879466205768e-02 1.364579827793765617e+03 1.366662696542387266e+03
1.471865170278799720e-02 1.383263275078807965e+03 1.385408230816710329e+03
1.484345324569699004e-02 1.401988520622012629e+03 1.404196794990993794e+03
1.496829377934580027e-02 1.420800046025308347e+03 1.423072906109111273e+03
1.509317368007991045e-02 1.439645812130774857e+03 1.441984527126586954e+03
1.521809334459668477e-02 1.458540674585592569e+03 1.460946534515284384e+03
1.534305318992998726e-02 1.477488712620001252e+03 1.479963005901808629e+03
1.546805365345556467e-02 1.496481504888448399e+03 1.499025533818100257e+03
1.559309519291663532e-02 1.515521778306546366e+03 1.518136866984605604e+03
1.571817828646916021e-02 1.534609229019383065e+03 1.537296692458205371e+03
1.584330343274627587e-02 1.553741823894168419e+03 1.556502983526477919e+03
1.596847115094150032e-02 1.572914684076258254e+03 1.575750884590637725e+03
1.609368198091027519e-02 1.592133574086264616e+03 1.595046212216039748e+03
1.621893648328949500e-02 1.611388967926343184e+03 1.614379309162675099e+03
1.634423523963475858e-02 1.630687631308107711e+03 1.633757120973102474e+03
1.646957885257501961e-02 1.649997551412796383e+03 1.653147496165138136e+03
1.659496794598439365e-02 1.669394308508410631e+03 1.672626136342558766e+03
1.672040316517096892e-02 1.688799295116141593e+03 1.692114390755723662e+03
1.684588517708240918e-02 1.708244655720975288e+03 1.711644394273164835e+03
1.697141467052819958e-02 1.727718765416095493e+03 1.731204587456853687e+03
1.709699235641847295e-02 1.747225433301968224e+03 1.750798716894735890e+03
1.722261896801930217e-02 1.766765812429549896e+03 1.770428027990519240e+03
1.734829526122438556e-02 1.786336347354040299e+03 1.790088810468302654e+03
1.747402201484319489e-02 1.805912120514464732e+03 1.809756331906814921e+03
1.759980003090545406e-02 1.825562515502549104e+03 1.829499975381460899e+03
1.772563013498209411e-02 1.845196291092350066e+03 1.849228334770920128e+03
1.785151317652267436e-02 1.864874726606583863e+03 1.869002839599904064e+03
1.797745002920938737e-02 1.884597219449505474e+03 1.888822886096240154e+03
1.810344159132768957e-02 1.904325856536214815e+03 1.908650495870659142e+03
1.822948878615377952e-02 1.924037032603166381e+03 1.928462161103977451e+03
1.835559256235899661e-02 1.943853338853307832e+03 1.948380368262328147e+03
1.848175389443133115e-02 1.963647084169947220e+03 1.968277513863736658e+03
1.860797378311427469e-02 1.983406900649903719e+03 1.988142254206269854e+03
1.873425325586322576e-02 2.003291833765954834e+03 2.008133552733257602e+03
1.886059336731964187e-02 2.023139443158468794e+03 2.028089045632130819e+03
1.898699519980330194e-02 2.043004234334171542e+03 2.048063128166578736e+03
1.911345986382287018e-02 2.062893039418967419e+03 2.068062780734856915e+03
1.923998849860517751e-02 2.082754419683213200e+03 2.088036491191894129e+03
1.936658227264346360e-02 2.102698981891730455e+03 2.108094939223388337e+03
1.949324238426502001e-02 2.122632064629922752e+03 2.128143342074165957e+03
1.961997006221859532e-02 2.142562737086022480e+03 2.148190896451731987e+03
1.974676656628195429e-02 2.162482614543632735e+03 2.168229130124062522e+03
1.987363318789006975e-02 2.182479214611365478e+03 2.188345566882004732e+03
2.000057125078439149e-02 2.202429128132785536e+03 2.208416791416788328e+03
2.012758211168368810e-02 2.222397099043603703e+03 2.228507687713968608e+03
2.025466716097697531e-02 2.242384439610102618e+03 2.248619383560588176e+03
2.038182782343908941e-02 2.262400199643261658e+03 2.268761050615119984e+03
2.050906555896946787e-02 2.282441439566214285e+03 2.288929711620365651e+03
2.063638186335476840e-02 2.302412954040521072e+03 2.309030120681344670e+03
2.076377826905590959e-02 2.322437157497250610e+03 2.329184791214634060e+03
2.089125634602027187e-02 2.342451507901488185e+03 2.349331044716124325e+03
2.101881770251971121e-02 2.362486047022185176e+03 2.369499109647013938e+03
2.114646398601509672e-02 2.382551235799954611e+03 2.389699248843138776e+03
2.127419688404822568e-02 2.402600672915231371e+03 2.409885137730643692e+03
2.140201812516183411e-02 2.422644488270149850e+03 2.430066930674229297e+03
2.152992947984857033e-02 2.442687574219564340e+03 2.450249472866506949e+03
2.165793276152984045e-02 2.462697123148900118e+03 2.470399997867751154e+03
2.178602982756541739e-02 2.482780602236806317e+03 2.490625961611655839e+03
2.191422258029477460e-02 2.502828790311207740e+03 2.510818105387862943e+03
2.204251296811116784e-02 2.522841705841609382e+03 2.530976457425381341e+03
2.217090298656951286e-02 2.542885830584839823e+03 2.551167653468005483e+03
2.229939467952913451e-02 2.562977412518222536e+03 2.571407580071972916e+03
2.242799014033259458e-02 2.582980820171950654e+03 2.591561099210357952e+03
2.255669151302171563e-02 2.603072839185784687e+03 2.611804289915558911e+03
2.268550099359214686e-02 2.623072633293274066e+03 2.631957039575404906e+03
2.281442083128771073e-02 2.643127641538862008e+03 2.652166520615768604e+03
2.294345332993594222e-02 2.663200162585365433e+03 2.672394869860048857e+03
2.307260084932622954e-02 2.683244415690926871e+03 2.692596246967660591e+03
2.320186580663211040e-02 2.703250016210879949e+03 2.712760647460853761e+03
2.333125067787917770e-02 2.723307693627682511e+03 2.732978535282657049e+03
2.346075799946037779e-02 2.743307806741606782e+03 2.753140316956370498e+03
2.359039036970026620e-02 2.763366621163440868e+03 2.773362127367930952e+03
2.372015045047016352e-02 2.783354445641271468e+03 2.793514824416650299e+03
2.385004096885591854e-02 2.803376415017871295e+03 2.813702304648123118e+03
2.398006471888039157e-02 2.823389188934151662e+03 2.833882494505305203e+03
2.411022456328261801e-02 2.843383832400743358e+03 2.854046045304864037e+03
2.424052343535582077e-02 2.863440442348879060e+03 2.874272794041491579e+03
2.437096434084652652e-02 2.883436043665076340e+03 2.894439840278482279e+03
2.450155035991711736e-02 2.903431151076958940e+03 2.914607957535680271e+03
2.463228464917431582e-02 2.923389741765784947e+03 2.934740941318434125e+03
2.476317044376616025e-02 2.943421940567934598e+03 2.954948626130311823e+03
2.489421105955015590e-02 2.963359780434609092e+03 2.975063568474811291e+03
2.502540989533549171e-02 2.983383121649091208e+03 2.995265325605637372e+03
2.515677043520222339e-02 3.003312865243763099e+03 3.015374875811769016e+03
2.528829625090059721e-02 3.023276537668669789e+03 3.035519693944080245e+03
2.541999100433375847e-02 3.043251688177260803e+03 3.055677219003606751e+03
2.555185845012725859e-02 3.063197877690296536e+03 3.075807238267286266e+03
2.568390243828895872e-02 3.083163136480174217e+03 3.095957436308254728e+03
2.581612691696317380e-02 3.103122410933507126e+03 3.116103114730330617e+03
2.594853593528289454e-02 3.123063681670778806e+03 3.136232000628434434e+03
2.608113364632438577e-02 3.143027113737658055e+03 3.156384228205377440e+03
2.621392431016844604e-02 3.162964623894055876e+03 3.176511856086316584e+03
2.634691229707297397e-02 3.182907697733972327e+03 3.196646380420565947e+03
2.648010209076167784e-02 3.202886579631026052e+03 3.216818055991188885e+03
2.661349829183398685e-02 3.222789216693461640e+03 3.236914609841819129e+03
2.674710562130155553e-02 3.242755245472911611e+03 3.257075642018106009e+03
2.688092892425696795e-02 3.262652234592891091e+03 3.277168739916590766e+03
2.701497317368060924e-02 3.282596719224849039e+03 3.297310667533099149e+03
2.714924347439189728e-02 3.302521991575267293e+03 3.317434505592041660e+03
2.728374506715153594e-02 3.322468738066908827e+03 3.337581110894097947e+03
2.741848333292166637e-02 3.342396319750367184e+03 3.357709658106535699e+03
2.755346379729126799e-02 3.362334308961425450e+03 3.377849763936764703e+03
2.768869213507451840e-02 3.382293999796213484e+03 3.398012550892200579e+03
2.782417417509028615e-02 3.402220567253661557e+03 3.418143679477398109e+03
2.795991590513133285e-02 3.422177641703845438e+03 3.438305921441114151e+03
2.809592347713229729e-02 3.442112195856325343e+03 3.458446997776585704e+03
2.823220321254612045e-02 3.462088422399536285e+03 3.478630602597578218e+03
2.836876160793899704e-02 3.482028651410352722e+03 3.498779548662297657e+03
2.850560534081462982e-02 3.501995999943611878e+03 3.518956613337985345e+03
2.864274127567910389e-02 3.521971745594428739e+03 3.539142923663137026e+03
2.878017647035843729e-02 3.541952404917536114e+03 3.559335346465734347e+03
2.891791818258149238e-02 3.561950074336988109e+03 3.579545619819838521e+03
2.905597387684176816e-02 3.581953241069346859e+03 3.599762183957430352e+03
2.919435123155230891e-02 3.601968349282318286e+03 3.619992029061757876e+03
2.933305814650895640e-02 3.622036427252492558e+03 3.640275730770066275e+03
2.947210275067793997e-02 3.642038924327375298e+03 3.660494619946851799e+03
2.961149341032489474e-02 3.662098109370633665e+03 3.680771128192515789e+03
2.975123873750344303e-02 3.682165689623056096e+03 3.701056906976089977e+03
2.989134759892256299e-02 3.702254651208821542e+03 3.721365127733811732e+03
3.003182912521318998e-02 3.722368813890539514e+03 3.741698979590779800e+03
3.017269272061584226e-02 3.742496808071894520e+03 3.762047842712490819e+03
3.031394807311242265e-02 3.762684727007556830e+03 3.782457352161640756e+03
3.045560516502680143e-02 3.782823333169333637e+03 3.802818226238252009e+03
3.059767428412049628e-02 3.803049685520526964e+03 3.823267965494232158e+03
3.074016603521144766e-02 3.823241036601230462e+03 3.843683174255157155e+03
3.088309135234564018e-02 3.843506648765684076e+03 3.864173032344936473e+03
3.102646151155358245e-02 3.863780916804382741e+03 3.884673021124292518e+03
3.117028814422549698e-02 3.884091688534983859e+03 3.905209921442585710e+03
3.131458325114169078e-02 3.904468014522284193e+03 3.925813063146386867e+03
3.145935921719683614e-02 3.924820075223429740e+03 3.946392640597534410e+03
3.160462882685979857e-02 3.945234114487009265e+03 3.967034814173352970e+03
3.175040528041343790e-02 3.965696206657324637e+03 3.987725531098203646e+03
3.189670221102201830e-02 3.986198707071473109e+03 4.008457345133880153e+03
3.204353370267730428e-02 4.006770502794040112e+03 4.029258872218928900e+03
3.219091430907800727e-02 4.027330285999427815e+03 4.050049049963880861e+03
3.233885907350148720e-02 4.047995940657003757e+03 4.070945799379504933e+03
3.248738354973063763e-02 4.068658947431703837e+03 4.091840180948788657e+03
3.263650382410386575e-02 4.089403364607106596e+03 4.112816400686131601e+03
3.278623653876110849e-02 4.110201668037737363e+03 4.133847191633803050e+03
3.293659891616426000e-02 4.131083180269898548e+03 4.154961480494592251e+03
3.308760878497669922e-02 4.151980449675971613e+03 4.176091938882529575e+03
3.323928460739295626e-02 4.172966523306977251e+03 4.197311483186920668e+03
3.339164550801679288e-02 4.194014718409892339e+03 4.218593905197642016e+03
3.354471130439388993e-02 4.215143672754884392e+03 4.239957016234658113e+03
3.369850253931380712e-02 4.236353469837340526e+03 4.261401344000702920e+03
3.385304051500511585e-02 4.257634212818395099e+03 4.282916860958294819e+03
3.400834732935804211e-02 4.278985595617102263e+03 4.304503788152791458e+03
3.416444591431989919e-02 4.300427321223521176e+03 4.326180755669828613e+03
3.432136007662097560e-02 4.321955131331962548e+03 4.347944136806896495e+03
3.447911454100189427e-02 4.343586783198517878e+03 4.369811630528139176e+03
3.463773499612821799e-02 4.365311528573138276e+03 4.391772005036888913e+03
3.479724814339436867e-02 4.387112841932139418e+03 4.413809280288929585e+03
3.495768174883660123e-02 4.409052650230349172e+03 4.435985195086756903e+03
3.511906469839450040e-02 4.431078510861498216e+03 4.458247118818463605e+03
3.528142705678216640e-02 4.453222806856378156e+03 4.480627390544680566e+03
3.544480013025416015e-02 4.475498745336252796e+03 4.503139437086520047e+03
3.560921653357754235e-02 4.497910213254700466e+03 4.525786900726293425e+03
3.577471026155095574e-02 4.520431382781921457e+03 4.548543752269286415e+03
3.594131676544371629e-02 4.543117221529454582e+03 4.571465393849407519e+03
3.610907303476416225e-02 4.565957173575940942e+03 4.594540834592758074e+03
3.627801768480634625e-02 4.588895652204683756e+03 4.617714710123178520e+03
3.644819105046857854e-02 4.612010156296344576e+03 4.641064177322396972e+03
3.661963528688697012e-02 4.635311722708001980e+03 4.664600450879584059e+03
3.679239447748224728e-02 4.658755536724112972e+03 4.688278566333583512e+03
3.696651475007992765e-02 4.682411460715665271e+03 4.712168066809284028e+03
3.714204440183293404e-02 4.706213614813265849e+03 4.736204099351331024e+03
3.731903403375311928e-02 4.730250669509036925e+03 4.760474166375225650e+03
3.749753669574491105e-02 4.754467804331588923e+03 4.784923479991573913e+03
3.767760804313205480e-02 4.778941244876750716e+03 4.809628739549649254e+03
3.785930650577801898e-02 4.803551232334526503e+03 4.834469762011802231e+03
3.804269347102470777e-02 4.828453023018908425e+03 4.859601915444861334e+03
3.822783348181400115e-02 4.853596130863482358e+03 4.884974536617488411e+03
3.841479445151495947e-02 4.878986816872874442e+03 4.910593759408930055e+03
3.860364789715906714e-02 4.904634938521515323e+03 4.936469508825372031e+03
3.879446919298976115e-02 4.930562162328543309e+03 4.962623416375141460e+03
3.898733784646450651e-02 4.956806638414290319e+03 4.989093547292059156e+03
3.918233779911230175e-02 4.983336368231140113e+03 5.015847759691142528e+03
3.937955775495147193e-02 5.010170377808844023e+03 5.042903972017530577e+03
3.957909153951892633e-02 5.037356751769249058e+03 5.070312439894699310e+03
3.978103849295890060e-02 5.064912777580980219e+03 5.098088570369754052e+03
3.998550390107559471e-02 5.092829297499132736e+03 5.126223542110383278e+03
4.019259946878051687e-02 5.121126819746647016e+03 5.154737929577267096e+03
4.040244384097266273e-02 5.149864731150519219e+03 5.183690912670347643e+03
4.061516317659392278e-02 5.179008587814903876e+03 5.213047658455253440e+03
4.083089178241847139e-02 5.208608335895079108e+03 5.242858229703990219e+03
4.104977281408631745e-02 5.238707542826666213e+03 5.273165897922780459e+03
4.127195905300008738e-02 5.269262762104375724e+03 5.303927239503531382e+03
4.149761376900279464e-02 5.300386677981270623e+03 5.335254516782263636e+03
4.172691168027730518e-02 5.332027420645831626e+03 5.367095980346647593e+03
4.196004002370085084e-02 5.364303624931214472e+03 5.399570008356105063e+03
4.219719975100381243e-02 5.397213704641861113e+03 5.432674323828753586e+03
4.243860686858645648e-02 5.430795067032750921e+03 5.466446657571837022e+03
4.268449394182275564e-02 5.465021842322684279e+03 5.500860735199355986e+03
4.293511178822485841e-02 5.500015424505430929e+03 5.536037371781852926e+03
4.319073138808017520e-02 5.535840691587488436e+03 5.572041716657234247e+03
4.345164604625774418e-02 5.572489692957174157e+03 5.608864719570487978e+03
4.371817384500245596e-02 5.610015654729506423e+03 5.646559879132015340e+03
4.399066043493410350e-02 5.648487148596806946e+03 5.685194983102644983e+03
4.426948222044206627e-02 5.688002341325739508e+03 5.724867784079113335e+03
4.455505000659412684e-02 5.728634411032957360e+03 5.765651493850028601e+03
4.484781318803689881e-02 5.770384130534442193e+03 5.807545657647601729e+03
4.514826457676287402e-02 5.813409003687774202e+03 5.850707337299526444e+03
4.545694598582866036e-02 5.857845274854307718e+03 5.895272542509419509e+03
4.577445471112040476e-02 5.903625764992987570e+03 5.941172912464689034e+03
4.610145108434578892e-02 5.951048995291313986e+03 5.988706346964029763e+03
4.643866730922262265e-02 6.000202476917949753e+03 6.037959211117316045e+03
4.678691784144160815e-02 6.051107675850790656e+03 6.088952520867010207e+03
4.714711163413251582e-02 6.104142662014251982e+03 6.142062476105357746e+03
4.752026664778620513e-02 6.159199500918454760e+03 6.197180162454964375e+03
4.790752712143710179e-02 6.216734492331928777e+03 6.254760661107620763e+03
4.831018422626461029e-02 6.276912272544118423e+03 6.314966777918051775e+03
4.872970088114222248e-02 6.339820036441515185e+03 6.377884304695733590e+03
4.916774171156040873e-02 6.406098918760290871e+03 6.444151886888330409e+03
4.962620939056704150e-02 6.475709670957241542e+03 6.513728307146290717e+03
5.010728892703453230e-02 6.549302842825321932e+03 6.587260523247644414e+03
5.061350187854342375e-02 6.627295630376575900e+03 6.665163897051240383e+03
5.114777297901927644e-02 6.710037112555573913e+03 6.747783858929259623e+03
5.171351229501159469e-02 6.798305607988697375e+03 6.835894820913033982e+03
5.231471675205318084e-02 6.892708856524270232e+03 6.930100322260389476e+03
5.295609565511482514e-02 6.994115746311205839e+03 7.031264673724781460e+03
5.364322552465963095e-02 7.103556960525068462e+03 7.140413481555677208e+03
5.438273985311601472e-02 7.221972847962138985e+03 7.258482419643279172e+03
5.518255855175401708e-02 7.350959213088269280e+03 7.387062273432188704e+03
5.605215848656185107e-02 7.492029237286882562e+03 7.527661477725482655e+03
5.700287788108395620e-02 7.646862313179240118e+03 7.681958130438481930e+03
5.804822861715352306e-02 7.817679797556108497e+03 7.852174704286167980e+03
5.920415361592112902e-02 8.006683912853673064e+03 8.040524068960161458e+03
6.048910069437912762e-02 8.216426730194203628e+03 8.249580364095818368e+03
6.192368120488260519e-02 8.449314373136272479e+03 8.481794428867757233e+03
6.352955491539481747e-02 8.706745153299323647e+03 8.738643966097768498e+03
6.532711241821187453e-02 8.989045314097453229e+03 9.020581955203424513e+03
6.733171693376542588e-02 9.294140056020878546e+03 9.325719881492475906e+03
6.954899873551065315e-02 9.616576369538681320e+03 9.648849027769794702e+03
7.197093448163188745e-02 9.947659112448558517e+03 9.981543216625686910e+03
7.407407407407406996e-02 1.021528350169242731e+04 1.025131535579113734e+04
7.457522085679348101e-02 1.027625713676424130e+04 1.031290225784277754e+04
7.732925433997712983e-02 1.059193314242211636e+04 1.063259927856757713e+04
8.019708077972168003e-02 1.088719606605005538e+04 1.093307021812392850e+04
8.314582495194941525e-02 1.115998002390797410e+04 1.121197513111823355e+04
8.614921033016156859e-02 1.141408453644666770e+04 1.147267287529532223e+04
8.918814340069289304e-02 1.165756415396747980e+04 1.172267691072450179e+04
9.224962445297718583e-02 1.190143073318165079e+04 1.197243769399711528e+04
9.532517445672927803e-02 1.215682831852789968e+04 1.223259201439139542e+04
9.840941295729629945e-02 1.243440918876091564e+04 1.251340647241590887e+04
1.014989841197386639e-01 1.274170415820818016e+04 1.282219711963393274e+04
1.045918170557887661e-01 1.308259271514287684e+04 1.316282026693366060e+04
1.076866420683790238e-01 1.345617304432825949e+04 1.353454997540302429e+04
1.107826836758311340e-01 1.385762945753692293e+04 1.393292346547474881e+04
1.138794692751784882e-01 1.427818644273515929e+04 1.434965153685544283e+04
1.169767111566073076e-01 1.470646715134111946e+04 1.477392847059302949e+04
1.200742342174231370e-01 1.512941748319709586e+04 1.519328504291253739e+04
1.231719318464793156e-01 1.553443136982032593e+04 1.559565481409413587e+04
1.262697390634462125e-01 1.590923154836740468e+04 1.596919203420457234e+04
1.293676161865781882e-01 1.624546418008529145e+04 1.630582165694234209e+04
1.324655389099631819e-01 1.653937838403948263e+04 1.660189043968331316e+04
1.355634922773321926e-01 1.678916412030965148e+04 1.685549720365321991e+04
1.386614670228066282e-01 1.699895399370232917e+04 1.707050587893271222e+04
1.417594573487607479e-01 1.717623581443389048e+04 1.725399024492699391e+04
1.448574595760395156e-01 1.733118583213036982e+04 1.741561409483140596e+04
1.479554713236709840e-01 1.747661170691657026e+04 1.756763035047836456e+04
1.510534910099802508e-01 1.762489518637609945e+04 1.772188097589237441e+04
1.541515175488241129e-01 1.778804143283252051e+04 1.788990895454679412e+04
1.572495501643165206e-01 1.797519017842389803e+04 1.808050693608736037e+04
1.603475882775420858e-01 1.819316160016863796e+04 1.830029929623201679e+04
1.634456314370349717e-01 1.844497799603283784e+04 1.855228493984465604e+04
1.665436792758910323e-01 1.872949704137708977e+04 1.883546192573855660e+04
1.696417314851112190e-01 1.904235513761171751e+04 1.914576147866889733e+04
1.727397877968565032e-01 1.937511582323911716e+04 1.947514609010453569e+04
1.758378479737745526e-01 1.971879061949124662e+04 1.981510048159637154e+04
1.789359118020606154e-01 2.006308217048787628e+04 2.015580502986417196e+04
1.820339790868299445e-01 2.039732592055347413e+04 2.048706307188360370e+04
1.851320496489329559e-01 2.071015229316781551e+04 2.079789326220234580e+04
1.882301233226819914e-01 2.099281151792774472e+04 2.107981619414383022e+04
1.913281999541628642e-01 2.124131535865628757e+04 2.132898070663788531e+04
1.944262793999305683e-01 2.145365704532451855e+04 2.154336828557006083e+04
1.975243615259629770e-01 2.163244795997789333e+04 2.172544438330687626e+04
2.006224462067948411e-01 2.178277304929349702e+04 2.188002569661292728e+04
2.037205333247810723e-01 2.191269263216013496e+04 2.201482513099452262e+04
2.068186227694573665e-01 2.203038458684924626e+04 2.213762156271048661e+04
2.099167144369764593e-01 2.214604176868099239e+04 2.225820335232492289e+04
2.130148082296053347e-01 2.226771994314902986e+04 2.238425525589763492e+04
2.161129040552725589e-01 2.240329158385552000e+04 2.252335175868559600e+04
2.192110018271588023e-01 2.255760539766601505e+04 2.268012578853817831e+04
2.223091014633242768e-01 2.273515168539985098e+04 2.285897985656482342e+04
2.254072028863685351e-01 2.293656230520724785e+04 2.306055733381017853e+04
2.285053060231192479e-01 2.316073445866798647e+04 2.328388591233010811e+04
2.316034108043466266e-01 2.340417077756151775e+04 2.352568378430431039e+04
2.347015171645009668e-01 2.366136711036710039e+04 2.378072606792847000e+04
2.377996250414710078e-01 2.392484361109793826e+04 2.404185024142061593e+04
2.408977343763612777e-01 2.418749861575772957e+04 2.430227244066014828e+04
2.439958451132865080e-01 2.444148082315910870e+04 2.455443382293934337e+04
2.470939571991817019e-01 2.468130076235473825e+04 2.479308018716148581e+04
2.501920705836264136e-01 2.490240425974549362e+04 2.501382009066443061e+04
2.532901852186818514e-01 2.510239314693759661e+04 2.521433028157977242e+04
2.563883010587404421e-01 2.527873347222051598e+04 2.539206489307756055e+04
2.594864180603853043e-01 2.543440321474588200e+04 2.554990659305925510e+04
2.625845361822607416e-01 2.557105826197761053e+04 2.568934301715159745e+04
2.656826553849510053e-01 2.569385203619561071e+04 2.581531446674127073e+04
2.687807756308681628e-01 2.580799207088764524e+04 2.593278824515729502e+04
2.718788968841469589e-01 2.591913150263337957e+04 2.604716667685038919e+04
2.749770191105478379e-01 2.603321779011390026e+04 2.616418387828589766e+04
2.780751422773652948e-01 2.615615063896508946e+04 2.628955301705585953e+04
2.811732663533431653e-01 2.629057710419824070e+04 2.642579586108834701e+04
2.842713913085953004e-01 2.643873931146529867e+04 2.657509523274202729e+04
2.873695171145310701e-01 2.660186287796936449e+04 2.673868504151893649e+04
2.904676437437863079e-01 2.677858348227417446e+04 2.691526574454538422e+04
2.935657711701578076e-01 2.696694760881330149e+04 2.710300983671676295e+04
2.966638993685426495e-01 2.716212872530354070e+04 2.729724290745780672e+04
2.997620283148810238e-01 2.736228879790063002e+04 2.749631026269887298e+04
3.028601579861026627e-01 2.756144195028839385e+04 2.769440450706057163e+04
3.059582883600761583e-01 2.775753152226753446e+04 2.788963512260087009e+04
3.090564194155622779e-01 2.794498174165366800e+04 2.807656270259308440e+04
3.121545511321688893e-01 2.812240202862559818e+04 2.825389201514886008e+04
3.152526834903094377e-01 2.828711007532268559e+04 2.841898969090771061e+04
3.183508164711634225e-01 2.843909790527036603e+04 2.857185040650153678e+04
3.214489500566395375e-01 2.857890129557987166e+04 2.871296452213191878e+04
3.245470842293403657e-01 2.870805804418001571e+04 2.884378641110398530e+04
3.276452189725296837e-01 2.882858384983278665e+04 2.896622111113095889e+04
3.307433542701013196e-01 2.894405997243727325e+04 2.908372738088589176e+04
3.338414901065495655e-01 2.905688047172525694e+04 2.919856571294163950e+04
3.369396264669416996e-01 2.917040304141931847e+04 2.931397070633637122e+04
3.400377633368917296e-01 2.928636316635072944e+04 2.943158016207673427e+04
3.431359007025354124e-01 2.940819599305713928e+04 2.955475495139470149e+04
3.462340385505070506e-01 2.953661188521991062e+04 2.968416196310799569e+04
3.493321768679171213e-01 2.967167441731991858e+04 2.981986201786841775e+04
3.524303156423312933e-01 2.981422517033402255e+04 2.996272101890350677e+04
3.555284548617506091e-01 2.996251777457917706e+04 3.011104759113805267e+04
3.586265945145924450e-01 3.011643718120841004e+04 3.026480110704897015e+04
3.617247345896726363e-01 3.027247375787541750e+04 3.042056187335058348e+04
3.648228750761887129e-01 3.042807174021281025e+04 3.057586373718750838e+04
3.679210159637033573e-01 3.058183604923743042e+04 3.072940311344252405e+04
3.710191572421295270e-01 3.073283628671493716e+04 3.088031978018758673e+04
3.741172989017154116e-01 3.087782788821046051e+04 3.102542617247095404e+04
3.772154409330311653e-01 3.101687060283842220e+04 3.116481428562019937e+04
3.803135833269553068e-01 3.114912077430954378e+04 3.129764999726456153e+04
3.834117260746622846e-01 3.127640938924296643e+04 3.142575105813840855e+04
3.865098691676108200e-01 3.139717155833027209e+04 3.154751728803892911e+04
3.896080125975323605e-01 3.151248979968886488e+04 3.166398271741452481e+04
3.927061563564201441e-01 3.162493878897252944e+04 3.177766257878845863e+04
3.958043004365192630e-01 3.173593354325139444e+04 3.188990956883830586e+04
3.989024448303165049e-01 3.184519934588130491e+04 3.200038741120025952e+04
4.020005895305311938e-01 3.195605764227766485e+04 3.211236698355488988e+04
4.050987345301063081e-01 3.206830619543824650e+04 3.222560391418100335e+04
4.081968798221997652e-01 3.218304090476731653e+04 3.234116854196255736e+04
4.112950254001765948e-01 3.230031411849611322e+04 3.245910289620257390e+04
4.143931712576007231e-01 3.242031173079045766e+04 3.257959759248009868e+04
4.174913173882280337e-01 3.254255069948370874e+04 3.270218932784170829e+04
4.205894637859989849e-01 3.266672603608168356e+04 3.282660364818906965e+04
4.236876104450318370e-01 3.279223062704363838e+04 3.295227130104657408e+04
4.267857573596164356e-01 3.291805180574214319e+04 3.307822136651802430e+04
4.298839045242076606e-01 3.304484177044501848e+04 3.320514765318723221e+04
4.329820519334197093e-01 3.316929741562791605e+04 3.332978322030300478e+04
4.360801995820204335e-01 3.329266565473032824e+04 3.345340683859129786e+04
4.391783474649258445e-01 3.341400191618486861e+04 3.357509275250088831e+04
4.422764955771947837e-01 3.353167087129583524e+04 3.369321776288114052e+04
4.453746439140241486e-01 3.364609927391882229e+04 3.380820812358849798e+04
4.484727924707440638e-01 3.375744743791817018e+04 3.392021554091825965e+04
4.515709412428131064e-01 3.386530088952397637e+04 3.402880560623158817e+04
4.546690902258140876e-01 3.397155763892366667e+04 3.413585523427541921e+04
4.577672394154499447e-01 3.407598372937639215e+04 3.424110153154774162e+04
4.608653888075394112e-01 3.417913285526014806e+04 3.434507080641661742e+04
4.639635383980132977e-01 3.428221309592350008e+04 3.444894597177670948e+04
4.670616881829107725e-01 3.438377450236760342e+04 3.455125366798326286e+04
4.701598381583756425e-01 3.448663764325775992e+04 3.465479821272514528e+04
4.732579883206531890e-01 3.459024497029600025e+04 3.475901332686487149e+04
4.763561386660865593e-01 3.469512999881862197e+04 3.486442919030862686e+04
4.794542891911138249e-01 3.480135355014933157e+04 3.497111101399698236e+04
4.825524398922647062e-01 3.490875130626381724e+04 3.507890485381599137e+04
4.856505907661577970e-01 3.501672112016082974e+04 3.518722310713247862e+04
4.887487418094977332e-01 3.512520554499149875e+04 3.529602585090896173e+04
4.918468930190724731e-01 3.523297050461603067e+04 3.540409817067244148e+04
4.949450443917506326e-01 3.534121633456870768e+04 3.551265691374106973e+04
4.980431959244788764e-01 3.544785084349024692e+04 3.561962830736226169e+04
5.011413476142796419e-01 3.555340521143983642e+04 3.572555334662788664e+04
5.042394994582489742e-01 3.565742709757786361e+04 3.582998854555615981e+04
5.073376514535538062e-01 3.575898368779587327e+04 3.593200465641925985e+04
5.104358035974301266e-01 3.585961411192362721e+04 3.603313869884157612e+04
5.135339558871808707e-01 3.595934714756284666e+04 3.613341362701548496e+04
5.166321083201738107e-01 3.605648690884926327e+04 3.623112584975598293e+04
5.197302608938398905e-01 3.615240806676712964e+04 3.632763836591757718e+04
5.228284136056707831e-01 3.624753385176324082e+04 3.642336290500850009e+04
5.259265664532176698e-01 3.634231695576650236e+04 3.651873947094907635e+04
5.290247194340890191e-01 3.643633615736415231e+04 3.661333760315363907e+04
5.321228725459495879e-01 3.653098841332492884e+04 3.670854517654628580e+04
5.352210257865179788e-01 3.662580643812882772e+04 3.680388877193833468e+04
5.383191791535655302e-01 3.672039537573211419e+04 3.689897069159251259e+04
5.414173326449149837e-01 3.681533694957137777e+04 3.699437139015615685e+04
5.445154862584383748e-01 3.691018071305813646e+04 3.708964648754066729e+04
5.476136399920563669e-01 3.700546080751968839e+04 3.718533177358953981e+04
5.507117938437363636e-01 3.710047202552080853e+04 3.728072921817294991e+04
5.538099478114915097e-01 3.719574790593225771e+04 3.737638009611862071e+04
5.569081018933792482e-01 3.729033557763667341e+04 3.747133819772095740e+04
5.600062560874998763e-01 3.738526292036358063e+04 3.756663975713850959e+04
5.631044103919959909e-01 3.747869930184262921e+04 3.766045893424895621e+04
5.662025648050508231e-01 3.757053735730406333e+04 3.775269328366874106e+04
5.693007193248871278e-01 3.766267395732338628e+04 3.784524156565039448e+04
5.723988739497662959e-01 3.775421852737203153e+04 3.793721561730604299e+04
5.754970286779874655e-01 3.784444604777255881e+04 3.802788813621696318e+04
5.785951835078860794e-01 3.793318307575036306e+04 3.811708367597063625e+04
5.816933384378331073e-01 3.802212496805698174e+04 3.820649518653773703e+04
5.847914934662342690e-01 3.811022568634916388e+04 3.829507117455456319e+04
5.878896485915289238e-01 3.819860630683058844e+04 3.838392831970632687e+04
5.909878038121892940e-01 3.828478339891760697e+04 3.847057933075734036e+04
5.940859591267194650e-01 3.837178798249541433e+04 3.855805012419312698e+04
5.971841145336547196e-01 3.845800412883720855e+04 3.864472286527731922e+04
6.002822700315605386e-01 3.854362306573371461e+04 3.873078525238777365e+04
6.033804256190321569e-01 3.863018099540039111e+04 3.881777284691378009e+04
6.064785812946932309e-01 3.871543150409348891e+04 3.890343936457682867e+04
6.095767370571959498e-01 3.880179063464178762e+04 3.899020173657564010e+04
6.126748929052194814e-01 3.888744941612993716e+04 3.907625298312301311e+04
6.157730488374697497e-01 3.897255128321934171e+04 3.916173832645058428e+04
6.188712048526785470e-01 3.905764172453717765e+04 3.924720732265969127e+04
6.219693609496032005e-01 3.914244305249787431e+04 3.933238547325603577e+04
6.250675171270256847e-01 3.922751213620727503e+04 3.941783139380564535e+04
6.281656733837518436e-01 3.931162315310556005e+04 3.950232182302653382e+04
6.312638297186113912e-01 3.939481593740631797e+04 3.958589807711901085e+04
6.343619861304565788e-01 3.947856057498935843e+04 3.967003238485706242e+04
6.374601426181621955e-01 3.956074645004553167e+04 3.975261266494326264e+04
6.405582991806250126e-01 3.964263384181464062e+04 3.983490003737152438e+04
6.436564558167627847e-01 3.972440599933046906e+04 3.991707662366493605e+04
6.467546125255143608e-01 3.980444999877404916e+04 3.999752768904205732e+04
6.498527693058386845e-01 3.988508900933952100e+04 4.007857596910393477e+04
6.529509261567143508e-01 3.996603141269887419e+04 4.015992657609155140e+04
6.560490830771396054e-01 4.004614352308369416e+04 4.024044480197467055e+04
6.591472400661315678e-01 4.012569551986140141e+04 4.032039972431333445e+04
6.622453971227254543e-01 4.020423502024608024e+04 4.039933634544019878e+04
6.653435542459747998e-01 4.028310533401235443e+04 4.047859830097668601e+04
6.684417114349506805e-01 4.036170417280711990e+04 4.055758304367333039e+04
6.715398686887412705e-01 4.044018271777706832e+04 4.063644178133933747e+04
6.746380260064517298e-01 4.051848111936391797e+04 4.071511465822172613e+04
6.777361833872032060e-01 4.059657988267410838e+04 4.079358318774899817e+04
6.808343408301332778e-01 4.067440335472634615e+04 4.087177251725875976e+04
6.839324983343950670e-01 4.075217995002621319e+04 4.094991241845651530e+04
6.870306558991570167e-01 4.083007213816880540e+04 4.102816663816387154e+04
6.901288135236023358e-01 4.090627029971330921e+04 4.110472512098094739e+04
6.932269712069291101e-01 4.098350810959161754e+04 4.118232354326196946e+04
6.963251289483497475e-01 4.105974436308474833e+04 4.125892121122418757e+04
6.994232867470904225e-01 4.113471244250816380e+04 4.133425148689957132e+04
7.025214446023911874e-01 4.121093964710099681e+04 4.141084282581697335e+04
7.056196025135054173e-01 4.128656858164213918e+04 4.148683664420389687e+04
7.087177604796994768e-01 4.136065312213172729e+04 4.156128637512803834e+04
7.118159185002526090e-01 4.143498927695397288e+04 4.163598828979925747e+04
7.149140765744566028e-01 4.150984714618989528e+04 4.171121164633372246e+04
7.180122347016155704e-01 4.158260426712721528e+04 4.178433349854088010e+04
7.211103928810452812e-01 4.165667376384497766e+04 4.185876584634219034e+04
7.242085511120736063e-01 4.172921710011300456e+04 4.193166960953397938e+04
7.273067093940397410e-01 4.180247075779830629e+04 4.200528188386563124e+04
7.304048677262940936e-01 4.187527388734294072e+04 4.207844055154452508e+04
7.335030261081981751e-01 4.194810140979466814e+04 4.215162091209083155e+04
7.366011845391241541e-01 4.202006528638771852e+04 4.222393445961091493e+04
7.396993430184546359e-01 4.209208208408696373e+04 4.229629840954117390e+04
7.427975015455828833e-01 4.216371579433197621e+04 4.236827669204647100e+04
7.458956601199119296e-01 4.223513883597188396e+04 4.244004227913628711e+04
7.489938187408549108e-01 4.230642476775047544e+04 4.251166905506335752e+04
7.520919774078346220e-01 4.237749543020150304e+04 4.258307920802659646e+04
8.295648191340407873e-01 4.406951317939668661e+04 4.428328271981937723e+04
9.463421209252848021e-01 4.636334820039215265e+04 4.658823763237609819e+04
1.135614503014996890e+00 4.957721951528781210e+04 4.981770279760552512e+04
1.418292504179841540e+00 5.354687984722697729e+04 5.380667433393049578e+04
1.785042917297949616e+00 5.770576260495406314e+04 5.798587636163328716e+04
